1 | 174
1 | 204
1 | 172
1 | 168
1 | 69
1 | 50
1 | 79
1 | 423
1 | 195
1 | 98
1 | 56
1 | 28
1 | 210
1 | 89
1 | 96
1 | 173
1 | 202
1 | 176
1 | 216
1 | 234
2 | 50
2 | 100
2 | 237
2 | 121
2 | 181
2 | 1
2 | 7
2 | 127
2 | 117
2 | 258
2 | 286
2 | 9
2 | 294
2 | 111
2 | 257
2 | 25
2 | 222
2 | 276
2 | 275
2 | 405
3 | 328
3 | 302
3 | 313
3 | 258
3 | 307
3 | 300
3 | 288
3 | 333
3 | 286
3 | 269
3 | 326
3 | 272
3 | 331
3 | 327
3 | 301
3 | 271
3 | 690
3 | 310
3 | 347
3 | 315
4 | 288
4 | 50
4 | 302
4 | 328
4 | 748
4 | 326
4 | 333
4 | 307
4 | 313
4 | 286
4 | 258
4 | 294
4 | 300
4 | 269
4 | 245
4 | 271
4 | 121
4 | 268
4 | 181
4 | 751
5 | 204
5 | 82
5 | 210
5 | 172
5 | 174
5 | 95
5 | 195
5 | 168
5 | 385
5 | 202
5 | 186
5 | 403
5 | 176
5 | 96
5 | 69
5 | 79
5 | 568
5 | 89
5 | 423
5 | 28
6 | 174
6 | 168
6 | 204
6 | 172
6 | 69
6 | 89
6 | 135
6 | 191
6 | 216
6 | 132
6 | 98
6 | 97
6 | 79
6 | 195
6 | 50
6 | 238
6 | 173
6 | 423
6 | 186
6 | 210
7 | 174
7 | 204
7 | 69
7 | 172
7 | 195
7 | 89
7 | 79
7 | 176
7 | 234
7 | 423
7 | 96
7 | 168
7 | 98
7 | 186
7 | 28
7 | 210
7 | 56
7 | 97
7 | 202
7 | 385
8 | 172
8 | 96
8 | 22
8 | 176
8 | 385
8 | 79
8 | 174
8 | 89
8 | 195
8 | 56
8 | 204
8 | 69
8 | 210
8 | 230
8 | 161
8 | 568
8 | 183
8 | 228
8 | 550
8 | 403
9 | 174
9 | 98
9 | 172
9 | 181
9 | 423
9 | 204
9 | 56
9 | 210
9 | 79
9 | 69
9 | 96
9 | 202
9 | 22
9 | 195
9 | 168
9 | 234
9 | 173
9 | 176
9 | 186
9 | 28
10 | 174
10 | 69
10 | 204
10 | 135
10 | 172
10 | 168
10 | 238
10 | 89
10 | 98
10 | 56
10 | 97
10 | 186
10 | 195
10 | 79
10 | 357
10 | 197
10 | 211
10 | 216
10 | 176
10 | 423
11 | 204
11 | 174
11 | 69
11 | 172
11 | 98
11 | 79
11 | 168
11 | 202
11 | 423
11 | 28
11 | 56
11 | 210
11 | 216
11 | 173
11 | 186
11 | 97
11 | 176
11 | 96
11 | 195
11 | 196
12 | 204
12 | 172
12 | 97
12 | 174
12 | 96
12 | 79
12 | 56
12 | 196
12 | 69
12 | 210
12 | 168
12 | 98
12 | 173
12 | 89
12 | 423
12 | 195
12 | 186
12 | 234
12 | 28
12 | 50
13 | 174
13 | 204
13 | 172
13 | 89
13 | 69
13 | 79
13 | 176
13 | 96
13 | 195
13 | 168
13 | 210
13 | 202
13 | 234
13 | 82
13 | 423
13 | 186
13 | 28
13 | 98
13 | 56
13 | 385
14 | 174
14 | 69
14 | 191
14 | 204
14 | 172
14 | 50
14 | 79
14 | 168
14 | 135
14 | 186
14 | 176
14 | 195
14 | 56
14 | 181
14 | 238
14 | 89
14 | 98
14 | 216
14 | 202
14 | 173
15 | 50
15 | 1
15 | 121
15 | 117
15 | 237
15 | 181
15 | 100
15 | 405
15 | 111
15 | 7
15 | 127
15 | 118
15 | 742
15 | 257
15 | 222
15 | 151
15 | 294
15 | 15
15 | 258
15 | 25
16 | 174
16 | 204
16 | 172
16 | 69
16 | 96
16 | 79
16 | 423
16 | 195
16 | 210
16 | 202
16 | 98
16 | 56
16 | 234
16 | 168
16 | 28
16 | 97
16 | 176
16 | 89
16 | 50
16 | 186
17 | 50
17 | 1
17 | 181
17 | 100
17 | 237
17 | 7
17 | 121
17 | 127
17 | 117
17 | 257
17 | 151
17 | 174
17 | 405
17 | 222
17 | 111
17 | 258
17 | 9
17 | 276
17 | 98
17 | 475
18 | 174
18 | 204
18 | 168
18 | 69
18 | 172
18 | 216
18 | 423
18 | 97
18 | 98
18 | 238
18 | 173
18 | 135
18 | 79
18 | 132
18 | 210
18 | 89
18 | 195
18 | 191
18 | 202
18 | 197
19 | 174
19 | 50
19 | 172
19 | 204
19 | 56
19 | 69
19 | 79
19 | 98
19 | 181
19 | 96
19 | 22
19 | 176
19 | 183
19 | 173
19 | 423
19 | 82
19 | 195
19 | 28
19 | 168
19 | 234
20 | 69
20 | 172
20 | 174
20 | 50
20 | 28
20 | 82
20 | 204
20 | 121
20 | 181
20 | 210
20 | 95
20 | 132
20 | 228
20 | 168
20 | 173
20 | 216
20 | 423
20 | 71
20 | 202
20 | 98
21 | 234
21 | 50
21 | 7
21 | 98
21 | 181
21 | 174
21 | 176
21 | 117
21 | 121
21 | 56
21 | 100
21 | 89
21 | 258
21 | 1
21 | 79
21 | 96
21 | 172
21 | 222
21 | 405
21 | 204
22 | 174
22 | 204
22 | 172
22 | 195
22 | 210
22 | 385
22 | 79
22 | 89
22 | 96
22 | 176
22 | 22
22 | 56
22 | 168
22 | 568
22 | 403
22 | 228
22 | 82
22 | 161
22 | 186
22 | 202
23 | 174
23 | 204
23 | 172
23 | 195
23 | 69
23 | 168
23 | 210
23 | 89
23 | 176
23 | 96
23 | 79
23 | 423
23 | 98
23 | 56
23 | 202
23 | 173
23 | 186
23 | 234
23 | 228
23 | 183
24 | 174
24 | 172
24 | 56
24 | 98
24 | 195
24 | 204
24 | 79
24 | 69
24 | 50
24 | 96
24 | 423
24 | 28
24 | 168
24 | 210
24 | 22
24 | 234
24 | 173
24 | 202
24 | 181
24 | 89
25 | 174
25 | 204
25 | 172
25 | 69
25 | 168
25 | 423
25 | 210
25 | 195
25 | 173
25 | 79
25 | 89
25 | 96
25 | 176
25 | 216
25 | 56
25 | 98
25 | 132
25 | 28
25 | 97
25 | 135
26 | 117
26 | 100
26 | 50
26 | 121
26 | 181
26 | 405
26 | 1
26 | 7
26 | 237
26 | 222
26 | 257
26 | 151
26 | 127
26 | 111
26 | 546
26 | 118
26 | 742
26 | 258
26 | 294
26 | 235
27 | 117
27 | 7
27 | 100
27 | 181
27 | 1
27 | 121
27 | 50
27 | 237
27 | 235
27 | 257
27 | 151
27 | 546
27 | 111
27 | 405
27 | 222
27 | 127
27 | 742
27 | 125
27 | 25
27 | 118
28 | 183
28 | 204
28 | 234
28 | 176
28 | 89
28 | 174
28 | 172
28 | 98
28 | 69
28 | 195
28 | 96
28 | 56
28 | 423
28 | 228
28 | 385
28 | 79
28 | 210
28 | 168
28 | 403
28 | 568
29 | 174
29 | 172
29 | 50
29 | 56
29 | 69
29 | 181
29 | 89
29 | 98
29 | 135
29 | 423
29 | 357
29 | 318
29 | 97
29 | 132
29 | 302
29 | 183
29 | 197
29 | 176
29 | 96
29 | 195
30 | 181
30 | 50
30 | 210
30 | 82
30 | 56
30 | 204
30 | 79
30 | 172
30 | 195
30 | 174
30 | 96
30 | 22
30 | 28
30 | 568
30 | 173
30 | 385
30 | 176
30 | 183
30 | 423
30 | 121
31 | 174
31 | 603
31 | 357
31 | 135
31 | 197
31 | 474
31 | 211
31 | 654
31 | 191
31 | 269
31 | 302
31 | 12
31 | 511
31 | 333
31 | 327
31 | 286
31 | 480
31 | 301
31 | 194
31 | 195
32 | 117
32 | 121
32 | 100
32 | 1
32 | 50
32 | 181
32 | 127
32 | 7
32 | 257
32 | 222
32 | 237
32 | 258
32 | 405
32 | 174
32 | 151
32 | 111
32 | 12
32 | 546
32 | 98
32 | 742
33 | 328
33 | 258
33 | 307
33 | 326
33 | 333
33 | 300
33 | 748
33 | 313
33 | 286
33 | 323
33 | 288
33 | 294
33 | 245
33 | 302
33 | 358
33 | 678
33 | 332
33 | 322
33 | 271
33 | 879
34 | 286
34 | 300
34 | 258
34 | 289
34 | 305
34 | 328
34 | 307
34 | 333
34 | 313
34 | 302
34 | 270
34 | 340
34 | 326
34 | 310
34 | 268
34 | 294
34 | 269
34 | 748
34 | 678
34 | 327
35 | 328
35 | 258
35 | 307
35 | 333
35 | 326
35 | 294
35 | 245
35 | 286
35 | 300
35 | 288
35 | 879
35 | 748
35 | 323
35 | 302
35 | 301
35 | 678
35 | 332
35 | 331
35 | 322
35 | 289
36 | 328
36 | 300
36 | 748
36 | 322
36 | 326
36 | 678
36 | 323
36 | 332
36 | 294
36 | 289
36 | 333
36 | 681
36 | 258
36 | 286
36 | 245
36 | 302
36 | 876
36 | 259
36 | 325
36 | 307
37 | 96
37 | 385
37 | 195
37 | 79
37 | 568
37 | 82
37 | 172
37 | 176
37 | 174
37 | 204
37 | 22
37 | 210
37 | 161
37 | 56
37 | 89
37 | 550
37 | 144
37 | 228
37 | 403
37 | 11
38 | 82
38 | 172
38 | 204
38 | 210
38 | 174
38 | 95
38 | 195
38 | 393
38 | 69
38 | 79
38 | 202
38 | 181
38 | 568
38 | 423
38 | 96
38 | 28
38 | 161
38 | 98
38 | 385
38 | 56
39 | 286
39 | 258
39 | 300
39 | 328
39 | 333
39 | 245
39 | 307
39 | 301
39 | 302
39 | 289
39 | 271
39 | 313
39 | 326
39 | 269
39 | 288
39 | 50
39 | 294
39 | 327
39 | 268
39 | 332
40 | 258
40 | 286
40 | 307
40 | 301
40 | 313
40 | 302
40 | 300
40 | 288
40 | 333
40 | 328
40 | 269
40 | 326
40 | 310
40 | 347
40 | 272
40 | 270
40 | 268
40 | 748
40 | 327
40 | 315
41 | 174
41 | 204
41 | 168
41 | 172
41 | 89
41 | 69
41 | 210
41 | 186
41 | 423
41 | 135
41 | 98
41 | 216
41 | 79
41 | 191
41 | 183
41 | 202
41 | 234
41 | 195
41 | 153
41 | 28
42 | 174
42 | 69
42 | 204
42 | 423
42 | 79
42 | 172
42 | 96
42 | 202
42 | 28
42 | 210
42 | 82
42 | 195
42 | 97
42 | 168
42 | 385
42 | 98
42 | 95
42 | 50
42 | 71
42 | 161
43 | 174
43 | 204
43 | 172
43 | 69
43 | 79
43 | 423
43 | 82
43 | 28
43 | 210
43 | 50
43 | 202
43 | 195
43 | 56
43 | 168
43 | 173
43 | 96
43 | 181
43 | 98
43 | 95
43 | 143
44 | 174
44 | 172
44 | 204
44 | 168
44 | 210
44 | 195
44 | 69
44 | 79
44 | 98
44 | 423
44 | 96
44 | 28
44 | 176
44 | 89
44 | 97
44 | 183
44 | 186
44 | 173
44 | 202
44 | 82
45 | 121
45 | 405
45 | 117
45 | 1
45 | 546
45 | 151
45 | 118
45 | 181
45 | 222
45 | 50
45 | 25
45 | 235
45 | 111
45 | 237
45 | 257
45 | 100
45 | 742
45 | 125
45 | 7
45 | 597
46 | 258
46 | 288
46 | 181
46 | 294
46 | 1
46 | 121
46 | 237
46 | 117
46 | 7
46 | 257
46 | 111
46 | 127
46 | 50
46 | 222
46 | 100
46 | 302
46 | 328
46 | 333
46 | 307
46 | 286
47 | 302
47 | 300
47 | 286
47 | 328
47 | 333
47 | 258
47 | 301
47 | 269
47 | 288
47 | 268
47 | 270
47 | 690
47 | 313
47 | 307
47 | 340
47 | 327
47 | 326
47 | 272
47 | 245
47 | 294
48 | 174
48 | 135
48 | 204
48 | 172
48 | 69
48 | 191
48 | 89
48 | 357
48 | 423
48 | 210
48 | 195
48 | 483
48 | 173
48 | 196
48 | 168
48 | 153
48 | 211
48 | 97
48 | 197
48 | 186
49 | 204
49 | 174
49 | 96
49 | 172
49 | 95
49 | 202
49 | 168
49 | 195
49 | 82
49 | 186
49 | 181
49 | 89
49 | 28
49 | 69
49 | 79
49 | 210
49 | 98
49 | 56
49 | 161
49 | 568
50 | 475
50 | 7
50 | 273
50 | 100
50 | 258
50 | 286
50 | 127
50 | 93
50 | 50
50 | 276
50 | 294
50 | 121
50 | 288
50 | 124
50 | 129
50 | 237
50 | 268
50 | 302
50 | 324
50 | 111
51 | 174
51 | 168
51 | 204
51 | 195
51 | 98
51 | 89
51 | 423
51 | 96
51 | 172
51 | 79
51 | 69
51 | 186
51 | 202
51 | 56
51 | 210
51 | 176
51 | 97
51 | 191
51 | 22
51 | 173
52 | 50
52 | 181
52 | 1
52 | 121
52 | 100
52 | 117
52 | 174
52 | 237
52 | 7
52 | 172
52 | 69
52 | 405
52 | 127
52 | 222
52 | 98
52 | 111
52 | 28
52 | 96
52 | 79
52 | 151
53 | 181
53 | 117
53 | 174
53 | 50
53 | 121
53 | 1
53 | 69
53 | 405
53 | 79
53 | 56
53 | 172
53 | 210
53 | 100
53 | 204
53 | 7
53 | 423
53 | 222
53 | 82
53 | 98
53 | 22
54 | 50
54 | 121
54 | 117
54 | 181
54 | 237
54 | 1
54 | 7
54 | 100
54 | 405
54 | 222
54 | 742
54 | 257
54 | 118
54 | 294
54 | 546
54 | 258
54 | 111
54 | 127
54 | 125
54 | 151
55 | 172
55 | 1
55 | 96
55 | 56
55 | 210
55 | 204
55 | 98
55 | 195
55 | 121
55 | 50
55 | 222
55 | 69
55 | 82
55 | 181
55 | 176
55 | 568
55 | 423
55 | 174
55 | 95
55 | 144
56 | 172
56 | 204
56 | 79
56 | 174
56 | 82
56 | 210
56 | 385
56 | 195
56 | 161
56 | 69
56 | 96
56 | 568
56 | 95
56 | 202
56 | 423
56 | 56
56 | 28
56 | 228
56 | 403
56 | 176
57 | 181
57 | 50
57 | 121
57 | 117
57 | 1
57 | 405
57 | 172
57 | 174
57 | 79
57 | 222
57 | 7
57 | 100
57 | 118
57 | 96
57 | 151
57 | 204
57 | 28
57 | 210
57 | 56
57 | 22
58 | 174
58 | 204
58 | 172
58 | 168
58 | 69
58 | 50
58 | 173
58 | 98
58 | 423
58 | 216
58 | 89
58 | 79
58 | 210
58 | 97
58 | 191
58 | 56
58 | 96
58 | 238
58 | 181
58 | 202
59 | 174
59 | 204
59 | 69
59 | 172
59 | 168
59 | 79
59 | 98
59 | 195
59 | 423
59 | 89
59 | 96
59 | 210
59 | 97
59 | 56
59 | 176
59 | 234
59 | 186
59 | 216
59 | 28
59 | 202
60 | 174
60 | 172
60 | 69
60 | 204
60 | 423
60 | 195
60 | 168
60 | 135
60 | 89
60 | 210
60 | 97
60 | 98
60 | 176
60 | 173
60 | 234
60 | 79
60 | 96
60 | 132
60 | 186
60 | 183
61 | 328
61 | 286
61 | 288
61 | 313
61 | 302
61 | 294
61 | 258
61 | 307
61 | 300
61 | 748
61 | 326
61 | 50
61 | 271
61 | 245
61 | 301
61 | 333
61 | 690
61 | 323
61 | 269
61 | 272
62 | 174
62 | 204
62 | 69
62 | 172
62 | 195
62 | 98
62 | 210
62 | 96
62 | 423
62 | 79
62 | 89
62 | 56
62 | 22
62 | 28
62 | 176
62 | 168
62 | 97
62 | 216
62 | 50
62 | 202
63 | 50
63 | 100
63 | 7
63 | 1
63 | 121
63 | 181
63 | 117
63 | 237
63 | 111
63 | 222
63 | 405
63 | 127
63 | 174
63 | 257
63 | 151
63 | 25
63 | 258
63 | 15
63 | 125
63 | 475
64 | 174
64 | 172
64 | 204
64 | 79
64 | 69
64 | 195
64 | 210
64 | 98
64 | 96
64 | 89
64 | 176
64 | 168
64 | 56
64 | 423
64 | 28
64 | 50
64 | 234
64 | 186
64 | 183
64 | 22
65 | 69
65 | 204
65 | 174
65 | 423
65 | 202
65 | 172
65 | 28
65 | 216
65 | 168
65 | 56
65 | 97
65 | 79
65 | 98
65 | 210
65 | 82
65 | 196
65 | 50
65 | 655
65 | 143
65 | 88
66 | 117
66 | 1
66 | 181
66 | 100
66 | 121
66 | 405
66 | 50
66 | 7
66 | 257
66 | 118
66 | 151
66 | 111
66 | 222
66 | 237
66 | 25
66 | 282
66 | 742
66 | 546
66 | 79
66 | 235
67 | 405
67 | 121
67 | 1
67 | 118
67 | 597
67 | 151
67 | 181
67 | 546
67 | 257
67 | 222
67 | 7
67 | 117
67 | 100
67 | 235
67 | 50
67 | 111
67 | 411
67 | 742
67 | 282
67 | 237
68 | 50
68 | 1
68 | 100
68 | 121
68 | 237
68 | 117
68 | 7
68 | 181
68 | 222
68 | 405
68 | 257
68 | 151
68 | 174
68 | 25
68 | 15
68 | 111
68 | 98
68 | 127
68 | 69
68 | 118
69 | 50
69 | 181
69 | 174
69 | 121
69 | 96
69 | 79
69 | 56
69 | 98
69 | 1
69 | 11
69 | 204
69 | 405
69 | 100
69 | 172
69 | 7
69 | 127
69 | 69
69 | 210
69 | 22
69 | 12
70 | 174
70 | 172
70 | 204
70 | 210
70 | 82
70 | 79
70 | 423
70 | 195
70 | 95
70 | 69
70 | 168
70 | 28
70 | 228
70 | 96
70 | 181
70 | 385
70 | 173
70 | 176
70 | 202
70 | 50
71 | 174
71 | 50
71 | 69
71 | 172
71 | 204
71 | 98
71 | 210
71 | 89
71 | 79
71 | 56
71 | 216
71 | 97
71 | 70
71 | 423
71 | 28
71 | 135
71 | 181
71 | 195
71 | 168
71 | 183
72 | 174
72 | 69
72 | 56
72 | 79
72 | 204
72 | 97
72 | 172
72 | 98
72 | 195
72 | 96
72 | 168
72 | 28
72 | 89
72 | 423
72 | 234
72 | 202
72 | 216
72 | 176
72 | 210
72 | 50
73 | 174
73 | 98
73 | 172
73 | 56
73 | 168
73 | 191
73 | 89
73 | 204
73 | 423
73 | 135
73 | 50
73 | 69
73 | 179
73 | 216
73 | 234
73 | 357
73 | 195
73 | 210
73 | 153
73 | 238
74 | 258
74 | 288
74 | 286
74 | 294
74 | 333
74 | 300
74 | 50
74 | 100
74 | 328
74 | 302
74 | 313
74 | 181
74 | 272
74 | 307
74 | 326
74 | 271
74 | 748
74 | 269
74 | 301
74 | 117
75 | 50
75 | 121
75 | 181
75 | 1
75 | 117
75 | 405
75 | 7
75 | 100
75 | 222
75 | 546
75 | 111
75 | 151
75 | 172
75 | 742
75 | 237
75 | 174
75 | 118
75 | 96
75 | 235
75 | 257
76 | 174
76 | 12
76 | 50
76 | 204
76 | 56
76 | 4
76 | 168
76 | 98
76 | 11
76 | 69
76 | 89
76 | 234
76 | 172
76 | 79
76 | 96
76 | 181
76 | 195
76 | 179
76 | 191
76 | 238
77 | 174
77 | 172
77 | 204
77 | 195
77 | 50
77 | 423
77 | 89
77 | 210
77 | 69
77 | 96
77 | 98
77 | 168
77 | 176
77 | 79
77 | 181
77 | 56
77 | 196
77 | 234
77 | 173
77 | 135
78 | 50
78 | 1
78 | 121
78 | 100
78 | 181
78 | 117
78 | 7
78 | 111
78 | 282
78 | 294
78 | 25
78 | 405
78 | 151
78 | 125
78 | 742
78 | 118
78 | 257
78 | 237
78 | 258
78 | 15
79 | 50
79 | 100
79 | 7
79 | 237
79 | 286
79 | 475
79 | 127
79 | 258
79 | 121
79 | 111
79 | 117
79 | 276
79 | 1
79 | 181
79 | 275
79 | 174
79 | 25
79 | 9
79 | 172
79 | 151
80 | 174
80 | 69
80 | 98
80 | 204
80 | 56
80 | 423
80 | 97
80 | 168
80 | 216
80 | 172
80 | 238
80 | 143
80 | 196
80 | 28
80 | 153
80 | 135
80 | 173
80 | 132
80 | 202
80 | 79
81 | 50
81 | 181
81 | 121
81 | 1
81 | 174
81 | 98
81 | 117
81 | 7
81 | 405
81 | 100
81 | 237
81 | 172
81 | 222
81 | 151
81 | 111
81 | 282
81 | 204
81 | 28
81 | 742
81 | 79
82 | 174
82 | 204
82 | 69
82 | 172
82 | 79
82 | 50
82 | 210
82 | 56
82 | 98
82 | 168
82 | 423
82 | 28
82 | 216
82 | 195
82 | 89
82 | 97
82 | 173
82 | 202
82 | 22
82 | 181
83 | 174
83 | 172
83 | 82
83 | 204
83 | 181
83 | 79
83 | 202
83 | 210
83 | 69
83 | 96
83 | 50
83 | 423
83 | 56
83 | 393
83 | 195
83 | 28
83 | 95
83 | 121
83 | 88
83 | 568
84 | 50
84 | 181
84 | 121
84 | 1
84 | 174
84 | 117
84 | 100
84 | 405
84 | 7
84 | 56
84 | 172
84 | 222
84 | 69
84 | 98
84 | 79
84 | 237
84 | 111
84 | 96
84 | 210
84 | 204
85 | 174
85 | 204
85 | 172
85 | 69
85 | 168
85 | 89
85 | 135
85 | 98
85 | 423
85 | 186
85 | 79
85 | 195
85 | 173
85 | 216
85 | 97
85 | 196
85 | 28
85 | 132
85 | 191
85 | 210
86 | 307
86 | 300
86 | 310
86 | 286
86 | 258
86 | 302
86 | 328
86 | 301
86 | 347
86 | 288
86 | 294
86 | 748
86 | 313
86 | 690
86 | 272
86 | 322
86 | 305
86 | 750
86 | 271
86 | 270
87 | 204
87 | 172
87 | 174
87 | 202
87 | 210
87 | 195
87 | 96
87 | 69
87 | 168
87 | 385
87 | 56
87 | 423
87 | 79
87 | 176
87 | 82
87 | 186
87 | 89
87 | 161
87 | 4
87 | 50
88 | 258
88 | 328
88 | 347
88 | 269
88 | 690
88 | 307
88 | 302
88 | 310
88 | 300
88 | 301
88 | 313
88 | 272
88 | 333
88 | 288
88 | 294
88 | 315
88 | 748
88 | 340
88 | 268
88 | 316
89 | 204
89 | 174
89 | 50
89 | 181
89 | 69
89 | 172
89 | 98
89 | 79
89 | 202
89 | 210
89 | 121
89 | 423
89 | 168
89 | 56
89 | 173
89 | 28
89 | 1
89 | 216
89 | 143
89 | 96
90 | 174
90 | 69
90 | 135
90 | 204
90 | 172
90 | 168
90 | 191
90 | 89
90 | 97
90 | 211
90 | 197
90 | 98
90 | 216
90 | 234
90 | 423
90 | 196
90 | 195
90 | 56
90 | 357
90 | 186
91 | 174
91 | 172
91 | 195
91 | 135
91 | 204
91 | 423
91 | 69
91 | 89
91 | 176
91 | 98
91 | 97
91 | 79
91 | 132
91 | 56
91 | 168
91 | 183
91 | 173
91 | 96
91 | 186
91 | 210
92 | 204
92 | 174
92 | 69
92 | 96
92 | 195
92 | 172
92 | 79
92 | 202
92 | 82
92 | 56
92 | 210
92 | 98
92 | 385
92 | 4
92 | 161
92 | 28
92 | 568
92 | 423
92 | 89
92 | 95
93 | 50
93 | 117
93 | 100
93 | 181
93 | 237
93 | 15
93 | 111
93 | 151
93 | 405
93 | 25
93 | 7
93 | 121
93 | 222
93 | 546
93 | 742
93 | 174
93 | 257
93 | 127
93 | 125
93 | 282
94 | 204
94 | 69
94 | 174
94 | 172
94 | 195
94 | 79
94 | 96
94 | 210
94 | 423
94 | 98
94 | 168
94 | 56
94 | 186
94 | 176
94 | 28
94 | 202
94 | 97
94 | 82
94 | 89
94 | 234
95 | 204
95 | 174
95 | 172
95 | 69
95 | 168
95 | 82
95 | 423
95 | 210
95 | 195
95 | 89
95 | 79
95 | 96
95 | 97
95 | 216
95 | 202
95 | 385
95 | 186
95 | 28
95 | 173
95 | 98
96 | 172
96 | 204
96 | 174
96 | 210
96 | 69
96 | 168
96 | 98
96 | 79
96 | 176
96 | 50
96 | 96
96 | 423
96 | 173
96 | 89
96 | 191
96 | 56
96 | 195
96 | 183
96 | 97
96 | 186
97 | 174
97 | 168
97 | 172
97 | 89
97 | 204
97 | 195
97 | 176
97 | 69
97 | 210
97 | 98
97 | 96
97 | 216
97 | 135
97 | 186
97 | 79
97 | 173
97 | 423
97 | 202
97 | 56
97 | 28
98 | 204
98 | 174
98 | 186
98 | 202
98 | 168
98 | 216
98 | 238
98 | 423
98 | 69
98 | 172
98 | 153
98 | 208
98 | 211
98 | 89
98 | 196
98 | 179
98 | 28
98 | 183
98 | 357
98 | 210
99 | 50
99 | 181
99 | 121
99 | 1
99 | 79
99 | 172
99 | 174
99 | 96
99 | 56
99 | 405
99 | 204
99 | 98
99 | 100
99 | 222
99 | 202
99 | 82
99 | 210
99 | 11
99 | 69
99 | 568
100 | 313
100 | 307
100 | 302
100 | 328
100 | 300
100 | 258
100 | 286
100 | 333
100 | 272
100 | 288
100 | 310
100 | 269
100 | 326
100 | 271
100 | 301
100 | 315
100 | 748
100 | 347
100 | 690
100 | 268
101 | 121
101 | 405
101 | 117
101 | 118
101 | 1
101 | 546
101 | 742
101 | 111
101 | 597
101 | 151
101 | 50
101 | 237
101 | 222
101 | 282
101 | 125
101 | 181
101 | 25
101 | 235
101 | 257
101 | 100
102 | 172
102 | 204
102 | 96
102 | 174
102 | 210
102 | 195
102 | 82
102 | 56
102 | 79
102 | 69
102 | 176
102 | 385
102 | 89
102 | 568
102 | 228
102 | 202
102 | 234
102 | 168
102 | 181
102 | 161
103 | 50
103 | 121
103 | 1
103 | 174
103 | 172
103 | 181
103 | 79
103 | 69
103 | 210
103 | 204
103 | 96
103 | 7
103 | 100
103 | 117
103 | 22
103 | 82
103 | 176
103 | 222
103 | 568
103 | 423
104 | 50
104 | 117
104 | 100
104 | 1
104 | 121
104 | 258
104 | 7
104 | 181
104 | 237
104 | 405
104 | 294
104 | 222
104 | 257
104 | 111
104 | 127
104 | 288
104 | 742
104 | 151
104 | 25
104 | 546
105 | 258
105 | 286
105 | 300
105 | 328
105 | 333
105 | 307
105 | 301
105 | 271
105 | 302
105 | 288
105 | 294
105 | 268
105 | 748
105 | 326
105 | 313
105 | 340
105 | 327
105 | 269
105 | 245
105 | 270
106 | 174
106 | 204
106 | 69
106 | 98
106 | 172
106 | 423
106 | 202
106 | 97
106 | 50
106 | 56
106 | 216
106 | 79
106 | 196
106 | 28
106 | 168
106 | 195
106 | 70
106 | 210
106 | 89
106 | 186
107 | 302
107 | 328
107 | 333
107 | 258
107 | 300
107 | 271
107 | 313
107 | 340
107 | 748
107 | 307
107 | 270
107 | 245
107 | 286
107 | 294
107 | 288
107 | 301
107 | 269
107 | 289
107 | 678
107 | 331
108 | 50
108 | 121
108 | 100
108 | 117
108 | 181
108 | 237
108 | 1
108 | 405
108 | 151
108 | 222
108 | 257
108 | 118
108 | 174
108 | 7
108 | 258
108 | 127
108 | 111
108 | 25
108 | 742
108 | 125
109 | 82
109 | 204
109 | 79
109 | 172
109 | 174
109 | 161
109 | 96
109 | 385
109 | 210
109 | 568
109 | 95
109 | 69
109 | 202
109 | 195
109 | 403
109 | 56
109 | 228
109 | 22
109 | 423
109 | 28
110 | 385
110 | 82
110 | 403
110 | 161
110 | 568
110 | 79
110 | 204
110 | 393
110 | 195
110 | 210
110 | 550
110 | 202
110 | 174
110 | 228
110 | 566
110 | 423
110 | 96
110 | 56
110 | 69
110 | 172
111 | 313
111 | 269
111 | 272
111 | 300
111 | 328
111 | 347
111 | 302
111 | 286
111 | 333
111 | 288
111 | 301
111 | 690
111 | 258
111 | 307
111 | 268
111 | 326
111 | 340
111 | 315
111 | 310
111 | 327
112 | 300
112 | 307
112 | 302
112 | 328
112 | 286
112 | 258
112 | 313
112 | 333
112 | 288
112 | 326
112 | 272
112 | 301
112 | 269
112 | 271
112 | 315
112 | 310
112 | 748
112 | 347
112 | 327
112 | 690
113 | 258
113 | 181
113 | 121
113 | 117
113 | 50
113 | 100
113 | 1
113 | 288
113 | 294
113 | 405
113 | 7
113 | 237
113 | 127
113 | 111
113 | 222
113 | 286
113 | 742
113 | 257
113 | 9
113 | 546
114 | 174
114 | 135
114 | 204
114 | 89
114 | 191
114 | 172
114 | 69
114 | 423
114 | 168
114 | 79
114 | 96
114 | 210
114 | 195
114 | 186
114 | 183
114 | 173
114 | 234
114 | 216
114 | 153
114 | 132
115 | 174
115 | 98
115 | 204
115 | 79
115 | 69
115 | 172
115 | 56
115 | 96
115 | 50
115 | 11
115 | 89
115 | 195
115 | 186
115 | 176
115 | 181
115 | 423
115 | 4
115 | 168
115 | 234
115 | 22
116 | 50
116 | 181
116 | 174
116 | 127
116 | 258
116 | 286
116 | 100
116 | 7
116 | 172
116 | 288
116 | 302
116 | 328
116 | 117
116 | 121
116 | 333
116 | 98
116 | 204
116 | 79
116 | 300
116 | 294
117 | 174
117 | 50
117 | 79
117 | 181
117 | 172
117 | 96
117 | 121
117 | 56
117 | 195
117 | 204
117 | 22
117 | 210
117 | 98
117 | 89
117 | 11
117 | 69
117 | 202
117 | 28
117 | 82
117 | 176
118 | 174
118 | 98
118 | 204
118 | 56
118 | 176
118 | 89
118 | 234
118 | 195
118 | 96
118 | 183
118 | 168
118 | 172
118 | 22
118 | 79
118 | 69
118 | 28
118 | 202
118 | 12
118 | 181
118 | 50
119 | 50
119 | 181
119 | 121
119 | 174
119 | 172
119 | 79
119 | 56
119 | 96
119 | 204
119 | 69
119 | 1
119 | 405
119 | 117
119 | 98
119 | 195
119 | 22
119 | 82
119 | 28
119 | 210
119 | 168
120 | 181
120 | 100
120 | 405
120 | 50
120 | 7
120 | 117
120 | 121
120 | 222
120 | 1
120 | 237
120 | 257
120 | 151
120 | 174
120 | 25
120 | 127
120 | 98
120 | 172
120 | 204
120 | 118
120 | 9
121 | 50
121 | 181
121 | 174
121 | 79
121 | 69
121 | 172
121 | 204
121 | 56
121 | 98
121 | 96
121 | 423
121 | 210
121 | 100
121 | 121
121 | 127
121 | 195
121 | 202
121 | 117
121 | 168
121 | 405
122 | 69
122 | 174
122 | 423
122 | 97
122 | 204
122 | 28
122 | 172
122 | 135
122 | 173
122 | 98
122 | 196
122 | 216
122 | 79
122 | 191
122 | 655
122 | 197
122 | 202
122 | 56
122 | 195
122 | 238
123 | 174
123 | 50
123 | 69
123 | 98
123 | 172
123 | 56
123 | 204
123 | 127
123 | 357
123 | 135
123 | 483
123 | 89
123 | 79
123 | 195
123 | 168
123 | 191
123 | 183
123 | 197
123 | 234
123 | 132
124 | 204
124 | 96
124 | 56
124 | 69
124 | 174
124 | 79
124 | 89
124 | 210
124 | 181
124 | 423
124 | 172
124 | 176
124 | 183
124 | 202
124 | 234
124 | 195
124 | 82
124 | 28
124 | 98
124 | 173
125 | 204
125 | 210
125 | 172
125 | 174
125 | 168
125 | 202
125 | 69
125 | 79
125 | 82
125 | 173
125 | 186
125 | 423
125 | 56
125 | 95
125 | 96
125 | 385
125 | 195
125 | 28
125 | 568
125 | 176
126 | 307
126 | 333
126 | 326
126 | 302
126 | 313
126 | 328
126 | 272
126 | 258
126 | 310
126 | 347
126 | 300
126 | 331
126 | 286
126 | 315
126 | 269
126 | 346
126 | 288
126 | 332
126 | 327
126 | 750
127 | 181
127 | 176
127 | 174
127 | 89
127 | 79
127 | 405
127 | 172
127 | 96
127 | 195
127 | 210
127 | 22
127 | 121
127 | 183
127 | 28
127 | 144
127 | 82
127 | 56
127 | 204
127 | 228
127 | 50
128 | 69
128 | 174
128 | 172
128 | 204
128 | 423
128 | 168
128 | 28
128 | 143
128 | 196
128 | 202
128 | 216
128 | 79
128 | 173
128 | 210
128 | 97
128 | 195
128 | 82
128 | 96
128 | 98
128 | 186
129 | 310
129 | 269
129 | 305
129 | 347
129 | 258
129 | 307
129 | 288
129 | 328
129 | 313
129 | 302
129 | 289
129 | 690
129 | 327
129 | 300
129 | 286
129 | 270
129 | 311
129 | 294
129 | 333
129 | 322
130 | 96
130 | 82
130 | 172
130 | 79
130 | 174
130 | 204
130 | 195
130 | 50
130 | 181
130 | 95
130 | 385
130 | 69
130 | 568
130 | 161
130 | 210
130 | 403
130 | 56
130 | 423
130 | 121
130 | 202
131 | 100
131 | 137
131 | 50
131 | 7
131 | 127
131 | 285
131 | 237
131 | 124
131 | 1
131 | 286
131 | 275
131 | 14
131 | 293
131 | 121
131 | 9
131 | 475
131 | 276
131 | 258
131 | 181
131 | 117
132 | 174
132 | 98
132 | 69
132 | 183
132 | 135
132 | 357
132 | 238
132 | 168
132 | 204
132 | 79
132 | 97
132 | 191
132 | 89
132 | 172
132 | 176
132 | 181
132 | 50
132 | 186
132 | 195
132 | 96
133 | 313
133 | 258
133 | 328
133 | 307
133 | 302
133 | 347
133 | 310
133 | 333
133 | 300
133 | 315
133 | 286
133 | 748
133 | 272
133 | 690
133 | 288
133 | 326
133 | 269
133 | 270
133 | 331
133 | 301
134 | 258
134 | 181
134 | 300
134 | 50
134 | 294
134 | 286
134 | 288
134 | 313
134 | 333
134 | 307
134 | 100
134 | 302
134 | 237
134 | 328
134 | 271
134 | 748
134 | 245
134 | 272
134 | 322
134 | 289
135 | 96
135 | 79
135 | 174
135 | 176
135 | 385
135 | 195
135 | 204
135 | 82
135 | 172
135 | 161
135 | 56
135 | 11
135 | 22
135 | 28
135 | 234
135 | 210
135 | 4
135 | 568
135 | 423
135 | 69
136 | 50
136 | 100
136 | 174
136 | 1
136 | 181
136 | 121
136 | 127
136 | 7
136 | 237
136 | 117
136 | 69
136 | 286
136 | 275
136 | 70
136 | 111
136 | 204
136 | 258
136 | 172
136 | 9
136 | 276
137 | 50
137 | 172
137 | 405
137 | 181
137 | 56
137 | 121
137 | 82
137 | 69
137 | 195
137 | 174
137 | 96
137 | 204
137 | 1
137 | 161
137 | 95
137 | 202
137 | 228
137 | 98
137 | 210
137 | 222
138 | 174
138 | 172
138 | 69
138 | 98
138 | 168
138 | 204
138 | 50
138 | 89
138 | 135
138 | 181
138 | 56
138 | 191
138 | 97
138 | 79
138 | 96
138 | 216
138 | 28
138 | 210
138 | 238
138 | 423
139 | 50
139 | 100
139 | 127
139 | 7
139 | 273
139 | 293
139 | 117
139 | 276
139 | 237
139 | 121
139 | 1
139 | 405
139 | 286
139 | 124
139 | 258
139 | 181
139 | 591
139 | 13
139 | 282
139 | 111
140 | 258
140 | 300
140 | 328
140 | 289
140 | 301
140 | 333
140 | 269
140 | 322
140 | 313
140 | 286
140 | 268
140 | 307
140 | 288
140 | 748
140 | 326
140 | 245
140 | 302
140 | 294
140 | 327
140 | 678
141 | 117
141 | 121
141 | 405
141 | 1
141 | 50
141 | 237
141 | 111
141 | 118
141 | 742
141 | 181
141 | 125
141 | 546
141 | 100
141 | 257
141 | 7
141 | 282
141 | 151
141 | 25
141 | 597
141 | 222
142 | 50
142 | 174
142 | 172
142 | 204
142 | 181
142 | 98
142 | 56
142 | 69
142 | 179
142 | 89
142 | 191
142 | 168
142 | 210
142 | 79
142 | 238
142 | 183
142 | 423
142 | 216
142 | 202
142 | 12
143 | 300
143 | 328
143 | 258
143 | 748
143 | 302
143 | 286
143 | 294
143 | 307
143 | 313
143 | 245
143 | 333
143 | 288
143 | 678
143 | 301
143 | 269
143 | 326
143 | 323
143 | 50
143 | 270
143 | 340
144 | 174
144 | 69
144 | 50
144 | 204
144 | 56
144 | 172
144 | 98
144 | 181
144 | 79
144 | 423
144 | 168
144 | 96
144 | 210
144 | 195
144 | 22
144 | 89
144 | 97
144 | 28
144 | 176
144 | 202
145 | 96
145 | 174
145 | 79
145 | 172
145 | 181
145 | 50
145 | 204
145 | 56
145 | 176
145 | 195
145 | 98
145 | 121
145 | 82
145 | 69
145 | 210
145 | 423
145 | 202
145 | 385
145 | 234
145 | 11
146 | 302
146 | 300
146 | 333
146 | 313
146 | 307
146 | 328
146 | 288
146 | 301
146 | 258
146 | 286
146 | 748
146 | 269
146 | 268
146 | 340
146 | 347
146 | 270
146 | 326
146 | 310
146 | 272
146 | 271
147 | 258
147 | 269
147 | 300
147 | 347
147 | 307
147 | 328
147 | 310
147 | 302
147 | 690
147 | 272
147 | 286
147 | 289
147 | 294
147 | 333
147 | 327
147 | 331
147 | 288
147 | 315
147 | 313
147 | 271
148 | 204
148 | 172
148 | 174
148 | 195
148 | 168
148 | 69
148 | 423
148 | 79
148 | 97
148 | 173
148 | 210
148 | 176
148 | 96
148 | 98
148 | 186
148 | 28
148 | 132
148 | 89
148 | 216
148 | 202
149 | 333
149 | 258
149 | 302
149 | 328
149 | 288
149 | 300
149 | 286
149 | 269
149 | 307
149 | 272
149 | 301
149 | 313
149 | 315
149 | 327
149 | 289
149 | 310
149 | 340
149 | 268
149 | 271
149 | 270
150 | 7
150 | 100
150 | 50
150 | 121
150 | 237
150 | 117
150 | 1
150 | 181
150 | 127
150 | 405
150 | 222
150 | 282
150 | 111
150 | 742
150 | 25
150 | 546
150 | 98
150 | 235
150 | 174
150 | 125
151 | 174
151 | 204
151 | 69
151 | 172
151 | 168
151 | 216
151 | 97
151 | 98
151 | 135
151 | 423
151 | 89
151 | 56
151 | 195
151 | 191
151 | 173
151 | 28
151 | 132
151 | 238
151 | 79
151 | 210
152 | 204
152 | 69
152 | 393
152 | 172
152 | 82
152 | 202
152 | 174
152 | 210
152 | 423
152 | 79
152 | 88
152 | 143
152 | 216
152 | 97
152 | 56
152 | 161
152 | 28
152 | 71
152 | 95
152 | 173
153 | 174
153 | 50
153 | 181
153 | 204
153 | 96
153 | 56
153 | 98
153 | 210
153 | 172
153 | 22
153 | 69
153 | 176
153 | 183
153 | 195
153 | 89
153 | 168
153 | 173
153 | 28
153 | 11
153 | 423
154 | 174
154 | 98
154 | 204
154 | 172
154 | 135
154 | 168
154 | 191
154 | 89
154 | 176
154 | 234
154 | 96
154 | 195
154 | 183
154 | 56
154 | 69
154 | 79
154 | 186
154 | 357
154 | 423
154 | 210
155 | 328
155 | 286
155 | 333
155 | 307
155 | 258
155 | 302
155 | 748
155 | 300
155 | 322
155 | 269
155 | 332
155 | 327
155 | 301
155 | 313
155 | 289
155 | 690
155 | 294
155 | 292
155 | 271
155 | 268
156 | 174
156 | 204
156 | 98
156 | 69
156 | 135
156 | 79
156 | 89
156 | 22
156 | 195
156 | 168
156 | 172
156 | 423
156 | 176
156 | 216
156 | 56
156 | 64
156 | 179
156 | 357
156 | 97
156 | 28
157 | 121
157 | 181
157 | 1
157 | 50
157 | 117
157 | 237
157 | 7
157 | 100
157 | 405
157 | 257
157 | 127
157 | 111
157 | 222
157 | 25
157 | 742
157 | 174
157 | 172
157 | 118
157 | 151
157 | 546
158 | 174
158 | 172
158 | 79
158 | 204
158 | 96
158 | 210
158 | 195
158 | 69
158 | 176
158 | 22
158 | 89
158 | 50
158 | 56
158 | 4
158 | 82
158 | 98
158 | 568
158 | 181
158 | 28
158 | 385
159 | 121
159 | 117
159 | 50
159 | 405
159 | 1
159 | 181
159 | 100
159 | 237
159 | 111
159 | 7
159 | 742
159 | 118
159 | 282
159 | 546
159 | 151
159 | 222
159 | 257
159 | 125
159 | 597
159 | 471
160 | 174
160 | 50
160 | 181
160 | 204
160 | 98
160 | 56
160 | 172
160 | 79
160 | 100
160 | 69
160 | 96
160 | 7
160 | 168
160 | 238
160 | 89
160 | 12
160 | 195
160 | 127
160 | 121
160 | 117
161 | 172
161 | 174
161 | 50
161 | 204
161 | 168
161 | 181
161 | 423
161 | 210
161 | 56
161 | 79
161 | 28
161 | 98
161 | 216
161 | 173
161 | 69
161 | 195
161 | 96
161 | 89
161 | 202
161 | 176
162 | 181
162 | 172
162 | 174
162 | 96
162 | 50
162 | 56
162 | 204
162 | 405
162 | 79
162 | 195
162 | 69
162 | 98
162 | 121
162 | 22
162 | 168
162 | 210
162 | 28
162 | 117
162 | 82
162 | 202
163 | 50
163 | 181
163 | 328
163 | 313
163 | 315
163 | 286
163 | 302
163 | 333
163 | 307
163 | 288
163 | 300
163 | 172
163 | 294
163 | 270
163 | 269
163 | 79
163 | 258
163 | 272
163 | 245
163 | 690
164 | 117
164 | 121
164 | 181
164 | 50
164 | 1
164 | 405
164 | 257
164 | 546
164 | 237
164 | 100
164 | 7
164 | 118
164 | 742
164 | 151
164 | 222
164 | 294
164 | 111
164 | 597
164 | 125
164 | 235
165 | 50
165 | 181
165 | 172
165 | 174
165 | 69
165 | 98
165 | 423
165 | 168
165 | 204
165 | 22
165 | 173
165 | 96
165 | 210
165 | 79
165 | 56
165 | 195
165 | 97
165 | 196
165 | 89
165 | 191
166 | 258
166 | 748
166 | 328
166 | 307
166 | 300
166 | 286
166 | 288
166 | 301
166 | 333
166 | 326
166 | 313
166 | 271
166 | 294
166 | 272
166 | 302
166 | 259
166 | 322
166 | 245
166 | 269
166 | 316
167 | 174
167 | 69
167 | 204
167 | 423
167 | 135
167 | 191
167 | 172
167 | 195
167 | 79
167 | 98
167 | 197
167 | 56
167 | 28
167 | 97
167 | 173
167 | 132
167 | 210
167 | 89
167 | 196
167 | 168
168 | 117
168 | 121
168 | 405
168 | 50
168 | 1
168 | 237
168 | 742
168 | 118
168 | 111
168 | 181
168 | 222
168 | 100
168 | 257
168 | 25
168 | 125
168 | 7
168 | 546
168 | 151
168 | 15
168 | 471
169 | 174
169 | 135
169 | 172
169 | 69
169 | 168
169 | 98
169 | 483
169 | 191
169 | 204
169 | 194
169 | 195
169 | 89
169 | 496
169 | 79
169 | 186
169 | 211
169 | 176
169 | 56
169 | 210
169 | 423
170 | 748
170 | 328
170 | 294
170 | 258
170 | 323
170 | 333
170 | 245
170 | 307
170 | 286
170 | 300
170 | 678
170 | 288
170 | 322
170 | 313
170 | 326
170 | 289
170 | 259
170 | 271
170 | 50
170 | 332
171 | 302
171 | 300
171 | 313
171 | 347
171 | 328
171 | 307
171 | 286
171 | 333
171 | 301
171 | 258
171 | 269
171 | 272
171 | 315
171 | 288
171 | 268
171 | 340
171 | 271
171 | 327
171 | 690
171 | 310
172 | 134
172 | 197
172 | 654
172 | 191
172 | 204
172 | 174
172 | 663
172 | 238
172 | 89
172 | 185
172 | 69
172 | 211
172 | 135
172 | 657
172 | 179
172 | 474
172 | 655
172 | 603
172 | 202
172 | 479
173 | 333
173 | 286
173 | 328
173 | 302
173 | 307
173 | 258
173 | 300
173 | 327
173 | 269
173 | 301
173 | 268
173 | 288
173 | 326
173 | 331
173 | 332
173 | 340
173 | 270
173 | 305
173 | 245
173 | 313
174 | 204
174 | 69
174 | 174
174 | 423
174 | 172
174 | 202
174 | 28
174 | 216
174 | 168
174 | 82
174 | 98
174 | 210
174 | 50
174 | 393
174 | 143
174 | 95
174 | 88
174 | 56
174 | 568
174 | 79
175 | 174
175 | 204
175 | 69
175 | 172
175 | 423
175 | 79
175 | 210
175 | 89
175 | 98
175 | 96
175 | 56
175 | 195
175 | 168
175 | 28
175 | 22
175 | 97
175 | 173
175 | 50
175 | 183
175 | 176
176 | 100
176 | 50
176 | 1
176 | 7
176 | 121
176 | 117
176 | 127
176 | 181
176 | 258
176 | 237
176 | 111
176 | 288
176 | 257
176 | 405
176 | 475
176 | 276
176 | 294
176 | 742
176 | 222
176 | 151
177 | 174
177 | 56
177 | 96
177 | 79
177 | 172
177 | 195
177 | 204
177 | 69
177 | 176
177 | 98
177 | 89
177 | 234
177 | 50
177 | 183
177 | 22
177 | 11
177 | 423
177 | 168
177 | 12
177 | 181
178 | 174
178 | 172
178 | 79
178 | 204
178 | 96
178 | 69
178 | 50
178 | 56
178 | 195
178 | 181
178 | 423
178 | 210
178 | 202
178 | 82
178 | 176
178 | 98
178 | 168
178 | 385
178 | 28
178 | 89
179 | 328
179 | 313
179 | 258
179 | 307
179 | 286
179 | 294
179 | 748
179 | 302
179 | 269
179 | 347
179 | 895
179 | 300
179 | 271
179 | 301
179 | 310
179 | 326
179 | 333
179 | 332
179 | 288
179 | 272
180 | 204
180 | 79
180 | 69
180 | 82
180 | 195
180 | 202
180 | 98
180 | 568
180 | 174
180 | 28
180 | 96
180 | 172
180 | 423
180 | 97
180 | 176
180 | 168
180 | 161
180 | 234
180 | 655
180 | 143
181 | 117
181 | 121
181 | 405
181 | 1
181 | 111
181 | 100
181 | 50
181 | 742
181 | 237
181 | 546
181 | 118
181 | 181
181 | 7
181 | 151
181 | 125
181 | 282
181 | 25
181 | 597
181 | 257
181 | 222
182 | 174
182 | 172
182 | 204
182 | 50
182 | 69
182 | 98
182 | 168
182 | 79
182 | 423
182 | 173
182 | 181
182 | 216
182 | 28
182 | 210
182 | 127
182 | 56
182 | 121
182 | 96
182 | 195
182 | 117
183 | 174
183 | 79
183 | 69
183 | 82
183 | 204
183 | 172
183 | 385
183 | 210
183 | 195
183 | 202
183 | 228
183 | 161
183 | 56
183 | 96
183 | 89
183 | 403
183 | 568
183 | 28
183 | 186
183 | 234
184 | 204
184 | 174
184 | 69
184 | 216
184 | 172
184 | 97
184 | 168
184 | 79
184 | 423
184 | 98
184 | 56
184 | 210
184 | 238
184 | 28
184 | 186
184 | 202
184 | 89
184 | 173
184 | 196
184 | 195
185 | 174
185 | 56
185 | 204
185 | 50
185 | 69
185 | 98
185 | 172
185 | 79
185 | 168
185 | 28
185 | 181
185 | 100
185 | 216
185 | 173
185 | 202
185 | 238
185 | 237
185 | 210
185 | 121
185 | 195
186 | 96
186 | 79
186 | 82
186 | 385
186 | 174
186 | 11
186 | 195
186 | 56
186 | 161
186 | 172
186 | 568
186 | 202
186 | 121
186 | 176
186 | 550
186 | 28
186 | 181
186 | 204
186 | 226
186 | 228
187 | 204
187 | 174
187 | 69
187 | 172
187 | 238
187 | 168
187 | 97
187 | 216
187 | 98
187 | 196
187 | 173
187 | 191
187 | 28
187 | 89
187 | 56
187 | 423
187 | 135
187 | 79
187 | 186
187 | 195
188 | 174
188 | 69
188 | 204
188 | 79
188 | 176
188 | 96
188 | 98
188 | 423
188 | 195
188 | 28
188 | 172
188 | 210
188 | 56
188 | 97
188 | 22
188 | 234
188 | 228
188 | 186
188 | 89
188 | 82
189 | 174
189 | 172
189 | 204
189 | 69
189 | 168
189 | 89
189 | 135
189 | 191
189 | 216
189 | 97
189 | 423
189 | 195
189 | 238
189 | 98
189 | 210
189 | 28
189 | 132
189 | 186
189 | 173
189 | 50
190 | 117
190 | 50
190 | 121
190 | 405
190 | 1
190 | 181
190 | 100
190 | 7
190 | 237
190 | 742
190 | 118
190 | 546
190 | 111
190 | 294
190 | 222
190 | 257
190 | 282
190 | 258
190 | 125
190 | 471
191 | 272
191 | 347
191 | 313
191 | 302
191 | 310
191 | 307
191 | 286
191 | 269
191 | 346
191 | 328
191 | 315
191 | 750
191 | 333
191 | 316
191 | 270
191 | 258
191 | 690
191 | 301
191 | 312
191 | 344
192 | 1
192 | 181
192 | 121
192 | 117
192 | 405
192 | 50
192 | 100
192 | 237
192 | 7
192 | 127
192 | 222
192 | 257
192 | 151
192 | 111
192 | 25
192 | 174
192 | 546
192 | 98
192 | 742
192 | 118
193 | 174
193 | 172
193 | 69
193 | 204
193 | 210
193 | 79
193 | 82
193 | 28
193 | 50
193 | 96
193 | 423
193 | 202
193 | 56
193 | 385
193 | 168
193 | 568
193 | 181
193 | 195
193 | 161
193 | 98
194 | 174
194 | 204
194 | 69
194 | 423
194 | 172
194 | 79
194 | 168
194 | 96
194 | 195
194 | 186
194 | 28
194 | 89
194 | 97
194 | 210
194 | 98
194 | 176
194 | 202
194 | 56
194 | 216
194 | 132
195 | 174
195 | 172
195 | 204
195 | 168
195 | 98
195 | 50
195 | 423
195 | 89
195 | 56
195 | 186
195 | 176
195 | 216
195 | 69
195 | 210
195 | 234
195 | 79
195 | 173
195 | 191
195 | 238
195 | 181
196 | 50
196 | 100
196 | 181
196 | 174
196 | 204
196 | 70
196 | 69
196 | 121
196 | 172
196 | 202
196 | 95
196 | 56
196 | 1
196 | 111
196 | 168
196 | 393
196 | 96
196 | 216
196 | 210
196 | 79
197 | 385
197 | 96
197 | 174
197 | 79
197 | 195
197 | 210
197 | 550
197 | 82
197 | 403
197 | 161
197 | 226
197 | 204
197 | 172
197 | 566
197 | 22
197 | 176
197 | 230
197 | 228
197 | 568
197 | 89
198 | 174
198 | 204
198 | 172
198 | 96
198 | 69
198 | 56
198 | 79
198 | 195
198 | 168
198 | 210
198 | 98
198 | 202
198 | 176
198 | 186
198 | 423
198 | 28
198 | 89
198 | 97
198 | 173
198 | 234
199 | 50
199 | 100
199 | 1
199 | 127
199 | 181
199 | 121
199 | 7
199 | 258
199 | 237
199 | 111
199 | 117
199 | 475
199 | 174
199 | 124
199 | 286
199 | 25
199 | 405
199 | 257
199 | 222
199 | 294
200 | 174
200 | 204
200 | 172
200 | 82
200 | 195
200 | 69
200 | 385
200 | 79
200 | 423
200 | 96
200 | 210
200 | 28
200 | 176
200 | 95
200 | 161
200 | 202
200 | 228
200 | 22
200 | 181
200 | 568
201 | 174
201 | 204
201 | 69
201 | 172
201 | 56
201 | 195
201 | 96
201 | 79
201 | 98
201 | 89
201 | 176
201 | 234
201 | 186
201 | 423
201 | 28
201 | 168
201 | 202
201 | 210
201 | 97
201 | 22
202 | 174
202 | 172
202 | 173
202 | 50
202 | 181
202 | 210
202 | 89
202 | 168
202 | 69
202 | 202
202 | 56
202 | 79
202 | 204
202 | 98
202 | 82
202 | 183
202 | 28
202 | 22
202 | 176
202 | 144
203 | 50
203 | 1
203 | 117
203 | 121
203 | 181
203 | 7
203 | 405
203 | 111
203 | 100
203 | 151
203 | 546
203 | 257
203 | 222
203 | 237
203 | 15
203 | 127
203 | 742
203 | 118
203 | 25
203 | 235
204 | 286
204 | 258
204 | 100
204 | 50
204 | 302
204 | 181
204 | 328
204 | 288
204 | 294
204 | 269
204 | 174
204 | 127
204 | 327
204 | 300
204 | 307
204 | 289
204 | 326
204 | 268
204 | 347
204 | 333
205 | 258
205 | 328
205 | 288
205 | 302
205 | 286
205 | 269
205 | 313
205 | 300
205 | 307
205 | 326
205 | 289
205 | 301
205 | 333
205 | 294
205 | 245
205 | 678
205 | 322
205 | 100
205 | 323
205 | 50
206 | 313
206 | 300
206 | 307
206 | 328
206 | 310
206 | 302
206 | 258
206 | 286
206 | 690
206 | 288
206 | 347
206 | 301
206 | 326
206 | 305
206 | 333
206 | 270
206 | 750
206 | 327
206 | 269
206 | 331
207 | 174
207 | 204
207 | 172
207 | 69
207 | 56
207 | 96
207 | 79
207 | 195
207 | 210
207 | 423
207 | 98
207 | 202
207 | 50
207 | 216
207 | 28
207 | 168
207 | 181
207 | 22
207 | 234
207 | 97
208 | 88
208 | 204
208 | 216
208 | 423
208 | 168
208 | 69
208 | 202
208 | 174
208 | 196
208 | 215
208 | 732
208 | 210
208 | 97
208 | 172
208 | 234
208 | 79
208 | 4
208 | 186
208 | 143
208 | 402
209 | 50
209 | 100
209 | 7
209 | 121
209 | 117
209 | 237
209 | 1
209 | 257
209 | 25
209 | 181
209 | 127
209 | 276
209 | 405
209 | 9
209 | 151
209 | 475
209 | 111
209 | 222
209 | 275
209 | 125
210 | 204
210 | 174
210 | 172
210 | 69
210 | 168
210 | 210
210 | 56
210 | 195
210 | 423
210 | 186
210 | 202
210 | 79
210 | 82
210 | 196
210 | 97
210 | 98
210 | 96
210 | 216
210 | 228
210 | 28
211 | 174
211 | 69
211 | 204
211 | 98
211 | 97
211 | 172
211 | 89
211 | 195
211 | 210
211 | 173
211 | 135
211 | 423
211 | 483
211 | 28
211 | 143
211 | 168
211 | 216
211 | 82
211 | 234
211 | 196
212 | 174
212 | 69
212 | 204
212 | 179
212 | 191
212 | 97
212 | 173
212 | 238
212 | 216
212 | 98
212 | 172
212 | 197
212 | 196
212 | 135
212 | 357
212 | 215
212 | 143
212 | 423
212 | 168
212 | 28
213 | 174
213 | 69
213 | 172
213 | 204
213 | 56
213 | 79
213 | 98
213 | 96
213 | 50
213 | 195
213 | 89
213 | 210
213 | 176
213 | 168
213 | 423
213 | 28
213 | 181
213 | 183
213 | 234
213 | 22
214 | 174
214 | 172
214 | 204
214 | 168
214 | 98
214 | 69
214 | 89
214 | 96
214 | 56
214 | 195
214 | 79
214 | 191
214 | 50
214 | 135
214 | 210
214 | 153
214 | 176
214 | 234
214 | 173
214 | 181
215 | 174
215 | 172
215 | 204
215 | 79
215 | 423
215 | 69
215 | 210
215 | 195
215 | 56
215 | 96
215 | 98
215 | 28
215 | 97
215 | 216
215 | 183
215 | 89
215 | 176
215 | 173
215 | 186
215 | 22
216 | 172
216 | 174
216 | 56
216 | 79
216 | 204
216 | 96
216 | 69
216 | 98
216 | 50
216 | 195
216 | 168
216 | 210
216 | 202
216 | 181
216 | 28
216 | 423
216 | 186
216 | 22
216 | 11
216 | 173
217 | 385
217 | 82
217 | 550
217 | 568
217 | 161
217 | 79
217 | 96
217 | 172
217 | 195
217 | 174
217 | 228
217 | 403
217 | 22
217 | 230
217 | 226
217 | 566
217 | 176
217 | 227
217 | 204
217 | 210
218 | 174
218 | 204
218 | 89
218 | 98
218 | 172
218 | 56
218 | 69
218 | 79
218 | 96
218 | 195
218 | 202
218 | 210
218 | 234
218 | 168
218 | 423
218 | 183
218 | 173
218 | 176
218 | 186
218 | 238
219 | 174
219 | 69
219 | 168
219 | 204
219 | 98
219 | 179
219 | 191
219 | 56
219 | 202
219 | 216
219 | 238
219 | 173
219 | 183
219 | 172
219 | 135
219 | 195
219 | 96
219 | 50
219 | 28
219 | 210
220 | 286
220 | 302
220 | 288
220 | 328
220 | 333
220 | 301
220 | 258
220 | 313
220 | 307
220 | 268
220 | 245
220 | 300
220 | 326
220 | 748
220 | 327
220 | 269
220 | 323
220 | 322
220 | 289
220 | 271
221 | 79
221 | 96
221 | 172
221 | 174
221 | 204
221 | 195
221 | 210
221 | 568
221 | 56
221 | 22
221 | 385
221 | 176
221 | 161
221 | 69
221 | 82
221 | 186
221 | 11
221 | 89
221 | 423
221 | 202
222 | 204
222 | 79
222 | 174
222 | 195
222 | 172
222 | 96
222 | 69
222 | 423
222 | 82
222 | 210
222 | 176
222 | 385
222 | 56
222 | 28
222 | 202
222 | 161
222 | 568
222 | 95
222 | 228
222 | 186
223 | 121
223 | 1
223 | 50
223 | 181
223 | 405
223 | 117
223 | 222
223 | 174
223 | 742
223 | 118
223 | 111
223 | 151
223 | 82
223 | 172
223 | 125
223 | 257
223 | 79
223 | 597
223 | 546
223 | 237
224 | 69
224 | 174
224 | 28
224 | 423
224 | 79
224 | 98
224 | 82
224 | 172
224 | 161
224 | 204
224 | 385
224 | 97
224 | 393
224 | 202
224 | 50
224 | 143
224 | 56
224 | 195
224 | 96
224 | 568
225 | 174
225 | 135
225 | 197
225 | 483
225 | 172
225 | 69
225 | 357
225 | 132
225 | 496
225 | 173
225 | 89
225 | 204
225 | 185
225 | 423
225 | 98
225 | 211
225 | 191
225 | 427
225 | 97
225 | 196
226 | 174
226 | 50
226 | 172
226 | 204
226 | 98
226 | 69
226 | 181
226 | 56
226 | 210
226 | 423
226 | 168
226 | 202
226 | 79
226 | 96
226 | 173
226 | 28
226 | 186
226 | 176
226 | 195
226 | 238
227 | 50
227 | 7
227 | 100
227 | 237
227 | 1
227 | 117
227 | 121
227 | 181
227 | 127
227 | 282
227 | 111
227 | 405
227 | 151
227 | 475
227 | 9
227 | 276
227 | 273
227 | 257
227 | 222
227 | 25
228 | 100
228 | 50
228 | 127
228 | 258
228 | 181
228 | 174
228 | 1
228 | 300
228 | 70
228 | 98
228 | 69
228 | 7
228 | 294
228 | 117
228 | 222
228 | 97
228 | 302
228 | 121
228 | 269
228 | 172
229 | 302
229 | 286
229 | 307
229 | 313
229 | 347
229 | 310
229 | 315
229 | 269
229 | 258
229 | 328
229 | 300
229 | 305
229 | 340
229 | 272
229 | 750
229 | 327
229 | 333
229 | 326
229 | 270
229 | 690
230 | 174
230 | 172
230 | 204
230 | 69
230 | 423
230 | 195
230 | 210
230 | 79
230 | 96
230 | 173
230 | 168
230 | 97
230 | 98
230 | 176
230 | 28
230 | 82
230 | 22
230 | 234
230 | 56
230 | 89
231 | 121
231 | 181
231 | 117
231 | 237
231 | 405
231 | 100
231 | 294
231 | 257
231 | 222
231 | 111
231 | 7
231 | 1
231 | 25
231 | 742
231 | 118
231 | 50
231 | 258
231 | 174
231 | 151
231 | 127
232 | 174
232 | 172
232 | 204
232 | 50
232 | 98
232 | 69
232 | 79
232 | 168
232 | 56
232 | 191
232 | 89
232 | 97
232 | 238
232 | 216
232 | 179
232 | 181
232 | 195
232 | 135
232 | 423
232 | 234
233 | 174
233 | 69
233 | 204
233 | 172
233 | 98
233 | 423
233 | 216
233 | 97
233 | 135
233 | 168
233 | 191
233 | 89
233 | 195
233 | 234
233 | 132
233 | 79
233 | 210
233 | 196
233 | 186
233 | 28
234 | 174
234 | 204
234 | 69
234 | 172
234 | 97
234 | 135
234 | 89
234 | 195
234 | 168
234 | 423
234 | 216
234 | 210
234 | 98
234 | 132
234 | 176
234 | 79
234 | 191
234 | 28
234 | 238
234 | 197
235 | 174
235 | 204
235 | 69
235 | 191
235 | 172
235 | 89
235 | 168
235 | 98
235 | 173
235 | 97
235 | 216
235 | 135
235 | 56
235 | 196
235 | 176
235 | 28
235 | 210
235 | 195
235 | 132
235 | 202
236 | 174
236 | 69
236 | 204
236 | 172
236 | 50
236 | 98
236 | 210
236 | 195
236 | 79
236 | 423
236 | 97
236 | 216
236 | 168
236 | 96
236 | 28
236 | 202
236 | 196
236 | 181
236 | 132
236 | 89
237 | 174
237 | 135
237 | 168
237 | 172
237 | 69
237 | 204
237 | 483
237 | 89
237 | 191
237 | 98
237 | 423
237 | 197
237 | 79
237 | 216
237 | 195
237 | 132
237 | 238
237 | 357
237 | 210
237 | 173
238 | 1
238 | 121
238 | 50
238 | 117
238 | 181
238 | 111
238 | 100
238 | 25
238 | 7
238 | 237
238 | 222
238 | 257
238 | 15
238 | 125
238 | 118
238 | 282
238 | 546
238 | 258
238 | 742
238 | 294
239 | 174
239 | 69
239 | 172
239 | 135
239 | 89
239 | 204
239 | 168
239 | 186
239 | 98
239 | 238
239 | 191
239 | 179
239 | 216
239 | 132
239 | 195
239 | 173
239 | 97
239 | 197
239 | 196
239 | 423
240 | 313
240 | 300
240 | 258
240 | 328
240 | 288
240 | 333
240 | 301
240 | 302
240 | 294
240 | 286
240 | 326
240 | 310
240 | 307
240 | 748
240 | 268
240 | 327
240 | 690
240 | 315
240 | 269
240 | 289
241 | 258
241 | 302
241 | 328
241 | 333
241 | 313
241 | 307
241 | 748
241 | 301
241 | 300
241 | 269
241 | 271
241 | 294
241 | 245
241 | 326
241 | 340
241 | 288
241 | 327
241 | 272
241 | 286
241 | 678
242 | 237
242 | 50
242 | 100
242 | 121
242 | 117
242 | 258
242 | 181
242 | 222
242 | 7
242 | 276
242 | 1
242 | 111
242 | 151
242 | 15
242 | 471
242 | 9
242 | 25
242 | 742
242 | 172
242 | 405
243 | 69
243 | 204
243 | 174
243 | 216
243 | 28
243 | 98
243 | 97
243 | 168
243 | 423
243 | 70
243 | 210
243 | 56
243 | 79
243 | 172
243 | 202
243 | 655
243 | 238
243 | 196
243 | 143
243 | 50
244 | 204
244 | 69
244 | 174
244 | 172
244 | 423
244 | 56
244 | 79
244 | 168
244 | 202
244 | 195
244 | 28
244 | 655
244 | 98
244 | 210
244 | 96
244 | 186
244 | 161
244 | 4
244 | 216
244 | 82
245 | 405
245 | 121
245 | 1
245 | 50
245 | 117
245 | 181
245 | 118
245 | 151
245 | 222
245 | 15
245 | 742
245 | 546
245 | 25
245 | 111
245 | 100
245 | 7
245 | 172
245 | 237
245 | 235
245 | 597
246 | 204
246 | 96
246 | 174
246 | 172
246 | 56
246 | 69
246 | 195
246 | 210
246 | 168
246 | 79
246 | 82
246 | 98
246 | 176
246 | 95
246 | 423
246 | 234
246 | 568
246 | 202
246 | 89
246 | 186
247 | 50
247 | 174
247 | 172
247 | 56
247 | 100
247 | 204
247 | 181
247 | 98
247 | 79
247 | 22
247 | 173
247 | 69
247 | 96
247 | 168
247 | 210
247 | 195
247 | 121
247 | 1
247 | 89
247 | 28
248 | 174
248 | 96
248 | 56
248 | 181
248 | 204
248 | 195
248 | 79
248 | 183
248 | 172
248 | 210
248 | 69
248 | 168
248 | 22
248 | 50
248 | 173
248 | 176
248 | 89
248 | 423
248 | 234
248 | 228
249 | 174
249 | 96
249 | 172
249 | 50
249 | 181
249 | 79
249 | 204
249 | 98
249 | 195
249 | 56
249 | 69
249 | 22
249 | 210
249 | 89
249 | 28
249 | 423
249 | 176
249 | 202
249 | 173
249 | 144
250 | 174
250 | 181
250 | 204
250 | 172
250 | 79
250 | 50
250 | 195
250 | 98
250 | 96
250 | 69
250 | 56
250 | 28
250 | 173
250 | 210
250 | 168
250 | 89
250 | 176
250 | 234
250 | 423
250 | 82
251 | 50
251 | 181
251 | 174
251 | 121
251 | 172
251 | 1
251 | 117
251 | 405
251 | 79
251 | 98
251 | 69
251 | 96
251 | 56
251 | 222
251 | 7
251 | 100
251 | 423
251 | 82
251 | 28
251 | 210
252 | 100
252 | 7
252 | 50
252 | 237
252 | 117
252 | 9
252 | 121
252 | 181
252 | 222
252 | 127
252 | 475
252 | 111
252 | 25
252 | 275
252 | 151
252 | 1
252 | 174
252 | 125
252 | 405
252 | 15
253 | 174
253 | 172
253 | 204
253 | 69
253 | 79
253 | 168
253 | 98
253 | 210
253 | 28
253 | 56
253 | 423
253 | 96
253 | 195
253 | 173
253 | 196
253 | 50
253 | 89
253 | 22
253 | 97
253 | 181
254 | 82
254 | 204
254 | 174
254 | 423
254 | 172
254 | 210
254 | 228
254 | 385
254 | 393
254 | 195
254 | 95
254 | 79
254 | 69
254 | 28
254 | 168
254 | 96
254 | 403
254 | 161
254 | 143
254 | 71
255 | 121
255 | 7
255 | 96
255 | 50
255 | 405
255 | 117
255 | 181
255 | 56
255 | 174
255 | 172
255 | 79
255 | 1
255 | 195
255 | 98
255 | 176
255 | 385
255 | 568
255 | 204
255 | 550
255 | 82
256 | 174
256 | 79
256 | 82
256 | 96
256 | 204
256 | 172
256 | 195
256 | 69
256 | 181
256 | 50
256 | 56
256 | 385
256 | 210
256 | 568
256 | 202
256 | 98
256 | 423
256 | 176
256 | 28
256 | 121
257 | 50
257 | 174
257 | 70
257 | 100
257 | 98
257 | 170
257 | 121
257 | 7
257 | 1
257 | 172
257 | 237
257 | 111
257 | 127
257 | 462
257 | 179
257 | 137
257 | 204
257 | 12
257 | 191
257 | 86
258 | 258
258 | 288
258 | 748
258 | 328
258 | 313
258 | 307
258 | 302
258 | 333
258 | 323
258 | 289
258 | 300
258 | 678
258 | 301
258 | 245
258 | 294
258 | 271
258 | 50
258 | 269
258 | 322
258 | 181
259 | 50
259 | 172
259 | 174
259 | 181
259 | 79
259 | 56
259 | 204
259 | 96
259 | 98
259 | 69
259 | 210
259 | 121
259 | 82
259 | 195
259 | 423
259 | 1
259 | 183
259 | 176
259 | 186
259 | 228
260 | 328
260 | 300
260 | 286
260 | 307
260 | 288
260 | 333
260 | 302
260 | 326
260 | 327
260 | 294
260 | 313
260 | 301
260 | 271
260 | 258
260 | 245
260 | 268
260 | 269
260 | 323
260 | 678
260 | 332
261 | 258
261 | 294
261 | 328
261 | 748
261 | 288
261 | 333
261 | 50
261 | 181
261 | 307
261 | 323
261 | 237
261 | 322
261 | 286
261 | 117
261 | 313
261 | 289
261 | 1
261 | 111
261 | 300
261 | 121
262 | 204
262 | 172
262 | 69
262 | 174
262 | 423
262 | 210
262 | 216
262 | 168
262 | 173
262 | 79
262 | 202
262 | 195
262 | 28
262 | 56
262 | 98
262 | 143
262 | 82
262 | 97
262 | 95
262 | 393
263 | 174
263 | 172
263 | 204
263 | 69
263 | 135
263 | 168
263 | 195
263 | 423
263 | 132
263 | 89
263 | 210
263 | 97
263 | 98
263 | 183
263 | 176
263 | 191
263 | 173
263 | 79
263 | 50
263 | 28
264 | 174
264 | 172
264 | 204
264 | 98
264 | 168
264 | 89
264 | 176
264 | 195
264 | 79
264 | 56
264 | 186
264 | 234
264 | 96
264 | 69
264 | 202
264 | 210
264 | 50
264 | 216
264 | 4
264 | 183
265 | 121
265 | 405
265 | 50
265 | 117
265 | 181
265 | 7
265 | 742
265 | 237
265 | 1
265 | 118
265 | 100
265 | 546
265 | 222
265 | 111
265 | 151
265 | 282
265 | 125
265 | 257
265 | 25
265 | 294
266 | 50
266 | 1
266 | 7
266 | 127
266 | 100
266 | 237
266 | 121
266 | 181
266 | 111
266 | 276
266 | 117
266 | 286
266 | 15
266 | 475
266 | 258
266 | 9
266 | 294
266 | 275
266 | 124
266 | 222
267 | 96
267 | 204
267 | 195
267 | 174
267 | 172
267 | 89
267 | 79
267 | 176
267 | 210
267 | 385
267 | 202
267 | 161
267 | 82
267 | 69
267 | 56
267 | 22
267 | 186
267 | 228
267 | 183
267 | 403
268 | 174
268 | 96
268 | 204
268 | 172
268 | 195
268 | 79
268 | 56
268 | 176
268 | 210
268 | 89
268 | 69
268 | 98
268 | 385
268 | 186
268 | 82
268 | 202
268 | 4
268 | 568
268 | 423
268 | 168
269 | 174
269 | 69
269 | 204
269 | 172
269 | 89
269 | 168
269 | 216
269 | 97
269 | 186
269 | 135
269 | 423
269 | 98
269 | 238
269 | 191
269 | 195
269 | 56
269 | 79
269 | 96
269 | 28
269 | 202
270 | 204
270 | 79
270 | 174
270 | 172
270 | 98
270 | 69
270 | 56
270 | 96
270 | 234
270 | 176
270 | 82
270 | 195
270 | 385
270 | 423
270 | 28
270 | 403
270 | 568
270 | 202
270 | 89
270 | 393
271 | 174
271 | 69
271 | 204
271 | 172
271 | 168
271 | 195
271 | 98
271 | 423
271 | 79
271 | 97
271 | 216
271 | 89
271 | 186
271 | 210
271 | 56
271 | 28
271 | 176
271 | 196
271 | 96
271 | 202
272 | 174
272 | 172
272 | 168
272 | 195
272 | 89
272 | 98
272 | 204
272 | 69
272 | 186
272 | 56
272 | 423
272 | 234
272 | 135
272 | 176
272 | 357
272 | 97
272 | 183
272 | 210
272 | 216
272 | 173
273 | 302
273 | 269
273 | 272
273 | 310
273 | 313
273 | 347
273 | 750
273 | 258
273 | 301
273 | 300
273 | 286
273 | 328
273 | 346
273 | 307
273 | 333
273 | 315
273 | 270
273 | 288
273 | 303
273 | 340
274 | 121
274 | 50
274 | 181
274 | 1
274 | 174
274 | 117
274 | 405
274 | 79
274 | 7
274 | 56
274 | 111
274 | 69
274 | 237
274 | 28
274 | 151
274 | 100
274 | 172
274 | 98
274 | 222
274 | 204
275 | 172
275 | 204
275 | 82
275 | 195
275 | 96
275 | 174
275 | 423
275 | 79
275 | 385
275 | 176
275 | 228
275 | 168
275 | 210
275 | 89
275 | 95
275 | 69
275 | 183
275 | 568
275 | 173
275 | 181
276 | 172
276 | 79
276 | 204
276 | 96
276 | 174
276 | 195
276 | 56
276 | 202
276 | 69
276 | 82
276 | 210
276 | 98
276 | 28
276 | 568
276 | 161
276 | 176
276 | 385
276 | 50
276 | 168
276 | 181
277 | 117
277 | 7
277 | 121
277 | 100
277 | 405
277 | 50
277 | 181
277 | 237
277 | 1
277 | 9
277 | 546
277 | 151
277 | 222
277 | 111
277 | 282
277 | 25
277 | 742
277 | 235
277 | 118
277 | 257
278 | 258
278 | 300
278 | 286
278 | 307
278 | 333
278 | 302
278 | 328
278 | 50
278 | 269
278 | 294
278 | 313
278 | 181
278 | 100
278 | 748
278 | 271
278 | 301
278 | 288
278 | 272
278 | 237
278 | 340
279 | 204
279 | 174
279 | 172
279 | 96
279 | 210
279 | 385
279 | 79
279 | 89
279 | 195
279 | 168
279 | 95
279 | 82
279 | 403
279 | 176
279 | 202
279 | 186
279 | 56
279 | 69
279 | 28
279 | 234
280 | 174
280 | 172
280 | 204
280 | 69
280 | 82
280 | 79
280 | 385
280 | 210
280 | 423
280 | 161
280 | 195
280 | 202
280 | 568
280 | 393
280 | 95
280 | 96
280 | 56
280 | 28
280 | 403
280 | 168
281 | 258
281 | 328
281 | 286
281 | 300
281 | 307
281 | 313
281 | 294
281 | 302
281 | 288
281 | 326
281 | 333
281 | 245
281 | 269
281 | 748
281 | 322
281 | 323
281 | 678
281 | 301
281 | 270
281 | 271
282 | 328
282 | 258
282 | 271
282 | 302
282 | 288
282 | 286
282 | 301
282 | 748
282 | 307
282 | 300
282 | 327
282 | 333
282 | 268
282 | 294
282 | 269
282 | 313
282 | 270
282 | 331
282 | 289
282 | 340
283 | 204
283 | 210
283 | 172
283 | 69
283 | 174
283 | 423
283 | 96
283 | 168
283 | 195
283 | 82
283 | 28
283 | 95
283 | 181
283 | 202
283 | 228
283 | 568
283 | 79
283 | 393
283 | 186
283 | 173
284 | 302
284 | 313
284 | 286
284 | 258
284 | 328
284 | 269
284 | 347
284 | 300
284 | 307
284 | 310
284 | 333
284 | 690
284 | 270
284 | 340
284 | 288
284 | 272
284 | 750
284 | 305
284 | 271
284 | 327
285 | 174
285 | 50
285 | 56
285 | 127
285 | 98
285 | 69
285 | 181
285 | 172
285 | 79
285 | 204
285 | 168
285 | 176
285 | 89
285 | 195
285 | 96
285 | 210
285 | 97
285 | 191
285 | 173
285 | 238
286 | 204
286 | 82
286 | 172
286 | 174
286 | 202
286 | 95
286 | 168
286 | 69
286 | 79
286 | 210
286 | 56
286 | 195
286 | 216
286 | 98
286 | 173
286 | 96
286 | 28
286 | 4
286 | 50
286 | 568
287 | 181
287 | 50
287 | 1
287 | 204
287 | 121
287 | 174
287 | 7
287 | 79
287 | 172
287 | 117
287 | 96
287 | 56
287 | 69
287 | 98
287 | 195
287 | 423
287 | 202
287 | 28
287 | 210
287 | 100
288 | 174
288 | 172
288 | 204
288 | 69
288 | 89
288 | 98
288 | 423
288 | 183
288 | 135
288 | 195
288 | 97
288 | 168
288 | 357
288 | 173
288 | 50
288 | 210
288 | 191
288 | 186
288 | 176
288 | 79
289 | 405
289 | 118
289 | 1
289 | 181
289 | 50
289 | 546
289 | 121
289 | 597
289 | 7
289 | 117
289 | 222
289 | 151
289 | 257
289 | 235
289 | 100
289 | 95
289 | 174
289 | 172
289 | 111
289 | 28
290 | 172
290 | 174
290 | 204
290 | 210
290 | 195
290 | 423
290 | 69
290 | 82
290 | 228
290 | 50
290 | 168
290 | 79
290 | 202
290 | 96
290 | 176
290 | 181
290 | 28
290 | 385
290 | 89
290 | 95
291 | 204
291 | 96
291 | 79
291 | 172
291 | 174
291 | 82
291 | 195
291 | 69
291 | 56
291 | 385
291 | 568
291 | 210
291 | 161
291 | 95
291 | 202
291 | 181
291 | 423
291 | 50
291 | 11
291 | 98
292 | 174
292 | 172
292 | 89
292 | 96
292 | 98
292 | 195
292 | 69
292 | 79
292 | 204
292 | 168
292 | 50
292 | 135
292 | 176
292 | 423
292 | 210
292 | 22
292 | 28
292 | 191
292 | 173
292 | 56
293 | 174
293 | 204
293 | 69
293 | 172
293 | 96
293 | 98
293 | 195
293 | 79
293 | 168
293 | 186
293 | 423
293 | 28
293 | 56
293 | 176
293 | 89
293 | 210
293 | 202
293 | 97
293 | 4
293 | 234
294 | 50
294 | 121
294 | 117
294 | 1
294 | 7
294 | 100
294 | 181
294 | 405
294 | 257
294 | 222
294 | 237
294 | 118
294 | 111
294 | 127
294 | 742
294 | 546
294 | 151
294 | 294
294 | 288
294 | 258
295 | 204
295 | 174
295 | 172
295 | 69
295 | 168
295 | 423
295 | 79
295 | 210
295 | 195
295 | 202
295 | 82
295 | 96
295 | 56
295 | 97
295 | 28
295 | 186
295 | 98
295 | 216
295 | 95
295 | 173
296 | 174
296 | 50
296 | 98
296 | 69
296 | 204
296 | 172
296 | 423
296 | 216
296 | 168
296 | 96
296 | 181
296 | 195
296 | 56
296 | 79
296 | 89
296 | 210
296 | 97
296 | 127
296 | 173
296 | 28
297 | 174
297 | 172
297 | 204
297 | 79
297 | 56
297 | 69
297 | 98
297 | 181
297 | 96
297 | 50
297 | 195
297 | 210
297 | 28
297 | 89
297 | 168
297 | 423
297 | 202
297 | 173
297 | 176
297 | 22
298 | 174
298 | 69
298 | 204
298 | 172
298 | 423
298 | 210
298 | 79
298 | 195
298 | 98
298 | 168
298 | 96
298 | 28
298 | 50
298 | 56
298 | 173
298 | 132
298 | 176
298 | 97
298 | 216
298 | 89
299 | 174
299 | 172
299 | 204
299 | 168
299 | 89
299 | 69
299 | 191
299 | 216
299 | 98
299 | 79
299 | 210
299 | 97
299 | 423
299 | 135
299 | 179
299 | 56
299 | 28
299 | 202
299 | 195
299 | 173
300 | 294
300 | 258
300 | 117
300 | 121
300 | 328
300 | 405
300 | 298
300 | 333
300 | 597
300 | 748
300 | 282
300 | 245
300 | 125
300 | 1
300 | 742
300 | 7
300 | 326
300 | 288
300 | 118
300 | 678
301 | 174
301 | 172
301 | 204
301 | 195
301 | 79
301 | 96
301 | 210
301 | 82
301 | 568
301 | 69
301 | 28
301 | 56
301 | 385
301 | 161
301 | 403
301 | 176
301 | 228
301 | 202
301 | 95
301 | 423
302 | 328
302 | 258
302 | 307
302 | 300
302 | 748
302 | 288
302 | 326
302 | 286
302 | 294
302 | 333
302 | 313
302 | 268
302 | 323
302 | 302
302 | 245
302 | 879
302 | 50
302 | 358
302 | 322
302 | 181
303 | 174
303 | 204
303 | 172
303 | 69
303 | 79
303 | 56
303 | 195
303 | 210
303 | 96
303 | 168
303 | 98
303 | 28
303 | 423
303 | 50
303 | 202
303 | 82
303 | 186
303 | 89
303 | 181
303 | 176
304 | 50
304 | 121
304 | 258
304 | 1
304 | 181
304 | 117
304 | 294
304 | 237
304 | 257
304 | 288
304 | 405
304 | 742
304 | 125
304 | 748
304 | 111
304 | 7
304 | 222
304 | 25
304 | 471
304 | 100
305 | 174
305 | 69
305 | 204
305 | 172
305 | 168
305 | 216
305 | 191
305 | 98
305 | 56
305 | 97
305 | 89
305 | 173
305 | 96
305 | 195
305 | 202
305 | 135
305 | 79
305 | 210
305 | 423
305 | 179
306 | 100
306 | 50
306 | 237
306 | 25
306 | 1
306 | 7
306 | 15
306 | 127
306 | 121
306 | 9
306 | 181
306 | 117
306 | 275
306 | 111
306 | 258
306 | 276
306 | 294
306 | 475
306 | 222
306 | 471
307 | 174
307 | 204
307 | 172
307 | 69
307 | 168
307 | 210
307 | 195
307 | 423
307 | 96
307 | 89
307 | 202
307 | 79
307 | 173
307 | 28
307 | 50
307 | 181
307 | 98
307 | 186
307 | 176
307 | 56
308 | 174
308 | 204
308 | 172
308 | 69
308 | 195
308 | 89
308 | 96
308 | 423
308 | 79
308 | 176
308 | 186
308 | 210
308 | 168
308 | 202
308 | 98
308 | 56
308 | 234
308 | 216
308 | 28
308 | 135
309 | 328
309 | 333
309 | 300
309 | 302
309 | 307
309 | 288
309 | 245
309 | 748
309 | 294
309 | 322
309 | 301
309 | 326
309 | 289
309 | 323
309 | 269
309 | 258
309 | 286
309 | 268
309 | 327
309 | 678
310 | 127
310 | 100
310 | 117
310 | 181
310 | 9
310 | 1
310 | 174
310 | 121
310 | 172
310 | 222
310 | 210
310 | 98
310 | 204
310 | 258
310 | 56
310 | 79
310 | 257
310 | 7
310 | 237
310 | 423
311 | 69
311 | 174
311 | 204
311 | 423
311 | 195
311 | 172
311 | 79
311 | 210
311 | 97
311 | 186
311 | 202
311 | 96
311 | 82
311 | 168
311 | 196
311 | 176
311 | 28
311 | 385
311 | 234
311 | 173
312 | 135
312 | 174
312 | 197
312 | 191
312 | 483
312 | 211
312 | 89
312 | 69
312 | 204
312 | 132
312 | 168
312 | 172
312 | 474
312 | 97
312 | 423
312 | 185
312 | 176
312 | 98
312 | 357
312 | 186
313 | 174
313 | 172
313 | 204
313 | 69
313 | 168
313 | 79
313 | 210
313 | 195
313 | 423
313 | 186
313 | 176
313 | 89
313 | 97
313 | 28
313 | 96
313 | 98
313 | 202
313 | 132
313 | 135
313 | 56
314 | 204
314 | 82
314 | 393
314 | 202
314 | 174
314 | 69
314 | 172
314 | 181
314 | 423
314 | 79
314 | 95
314 | 50
314 | 568
314 | 28
314 | 210
314 | 161
314 | 96
314 | 56
314 | 385
314 | 121
315 | 174
315 | 98
315 | 69
315 | 204
315 | 56
315 | 172
315 | 186
315 | 168
315 | 50
315 | 238
315 | 216
315 | 195
315 | 79
315 | 96
315 | 210
315 | 28
315 | 89
315 | 97
315 | 181
315 | 423
316 | 174
316 | 204
316 | 69
316 | 216
316 | 172
316 | 98
316 | 97
316 | 173
316 | 168
316 | 50
316 | 423
316 | 191
316 | 197
316 | 135
316 | 238
316 | 483
316 | 28
316 | 89
316 | 196
316 | 357
317 | 328
317 | 300
317 | 258
317 | 307
317 | 333
317 | 271
317 | 286
317 | 294
317 | 323
317 | 302
317 | 326
317 | 288
317 | 332
317 | 678
317 | 313
317 | 895
317 | 748
317 | 245
317 | 322
317 | 343
318 | 174
318 | 204
318 | 69
318 | 423
318 | 172
318 | 79
318 | 168
318 | 210
318 | 216
318 | 56
318 | 82
318 | 98
318 | 28
318 | 50
318 | 186
318 | 97
318 | 202
318 | 195
318 | 196
318 | 96
319 | 328
319 | 300
319 | 333
319 | 302
319 | 313
319 | 258
319 | 748
319 | 286
319 | 288
319 | 326
319 | 272
319 | 307
319 | 310
319 | 347
319 | 331
319 | 271
319 | 332
319 | 270
319 | 690
319 | 327
320 | 82
320 | 96
320 | 79
320 | 568
320 | 172
320 | 174
320 | 385
320 | 195
320 | 161
320 | 403
320 | 210
320 | 204
320 | 95
320 | 56
320 | 176
320 | 550
320 | 69
320 | 22
320 | 228
320 | 89
321 | 174
321 | 197
321 | 135
321 | 69
321 | 168
321 | 191
321 | 204
321 | 483
321 | 357
321 | 89
321 | 211
321 | 423
321 | 98
321 | 172
321 | 603
321 | 216
321 | 132
321 | 173
321 | 97
321 | 179
322 | 174
322 | 195
322 | 357
322 | 135
322 | 176
322 | 69
322 | 79
322 | 89
322 | 186
322 | 172
322 | 204
322 | 168
322 | 98
322 | 238
322 | 182
322 | 56
322 | 423
322 | 179
322 | 183
322 | 22
323 | 50
323 | 181
323 | 174
323 | 56
323 | 172
323 | 96
323 | 204
323 | 79
323 | 121
323 | 69
323 | 98
323 | 7
323 | 12
323 | 210
323 | 100
323 | 195
323 | 1
323 | 176
323 | 168
323 | 117
324 | 50
324 | 100
324 | 117
324 | 121
324 | 258
324 | 181
324 | 288
324 | 294
324 | 7
324 | 237
324 | 1
324 | 257
324 | 111
324 | 405
324 | 127
324 | 222
324 | 25
324 | 286
324 | 742
324 | 282
325 | 174
325 | 204
325 | 69
325 | 172
325 | 135
325 | 168
325 | 195
325 | 191
325 | 98
325 | 89
325 | 186
325 | 423
325 | 132
325 | 183
325 | 176
325 | 357
325 | 210
325 | 238
325 | 96
325 | 28
326 | 174
326 | 204
326 | 172
326 | 195
326 | 69
326 | 423
326 | 168
326 | 89
326 | 176
326 | 186
326 | 210
326 | 135
326 | 96
326 | 385
326 | 79
326 | 183
326 | 173
326 | 234
326 | 132
326 | 28
327 | 174
327 | 204
327 | 172
327 | 69
327 | 168
327 | 79
327 | 56
327 | 96
327 | 98
327 | 195
327 | 89
327 | 176
327 | 186
327 | 202
327 | 28
327 | 210
327 | 4
327 | 423
327 | 234
327 | 50
328 | 174
328 | 172
328 | 69
328 | 79
328 | 204
328 | 96
328 | 195
328 | 56
328 | 176
328 | 385
328 | 82
328 | 423
328 | 98
328 | 89
328 | 97
328 | 28
328 | 210
328 | 186
328 | 161
328 | 568
329 | 50
329 | 174
329 | 98
329 | 181
329 | 69
329 | 79
329 | 56
329 | 172
329 | 210
329 | 204
329 | 96
329 | 173
329 | 97
329 | 195
329 | 216
329 | 176
329 | 100
329 | 121
329 | 89
329 | 168
330 | 174
330 | 204
330 | 69
330 | 423
330 | 172
330 | 210
330 | 28
330 | 79
330 | 82
330 | 195
330 | 202
330 | 168
330 | 97
330 | 96
330 | 385
330 | 56
330 | 95
330 | 173
330 | 50
330 | 568
331 | 174
331 | 50
331 | 69
331 | 204
331 | 238
331 | 135
331 | 172
331 | 197
331 | 357
331 | 12
331 | 56
331 | 98
331 | 191
331 | 168
331 | 96
331 | 79
331 | 180
331 | 173
331 | 22
331 | 195
332 | 96
332 | 181
332 | 50
332 | 79
332 | 121
332 | 174
332 | 172
332 | 82
332 | 405
332 | 385
332 | 210
332 | 204
332 | 56
332 | 568
332 | 195
332 | 117
332 | 69
332 | 11
332 | 202
332 | 161
333 | 172
333 | 50
333 | 204
333 | 181
333 | 79
333 | 210
333 | 423
333 | 69
333 | 98
333 | 174
333 | 173
333 | 135
333 | 56
333 | 357
333 | 176
333 | 183
333 | 89
333 | 202
333 | 195
333 | 216
334 | 174
334 | 204
334 | 172
334 | 69
334 | 168
334 | 79
334 | 50
334 | 89
334 | 98
334 | 28
334 | 195
334 | 56
334 | 423
334 | 186
334 | 96
334 | 176
334 | 210
334 | 216
334 | 173
334 | 202
335 | 328
335 | 302
335 | 258
335 | 288
335 | 269
335 | 313
335 | 286
335 | 333
335 | 272
335 | 326
335 | 307
335 | 310
335 | 271
335 | 331
335 | 300
335 | 294
335 | 315
335 | 245
335 | 270
335 | 347
336 | 204
336 | 210
336 | 202
336 | 79
336 | 172
336 | 56
336 | 174
336 | 69
336 | 393
336 | 181
336 | 96
336 | 168
336 | 50
336 | 4
336 | 568
336 | 423
336 | 216
336 | 28
336 | 82
336 | 195
337 | 172
337 | 174
337 | 204
337 | 69
337 | 210
337 | 181
337 | 423
337 | 82
337 | 168
337 | 79
337 | 96
337 | 385
337 | 202
337 | 195
337 | 405
337 | 222
337 | 50
337 | 22
337 | 568
337 | 98
338 | 174
338 | 197
338 | 135
338 | 191
338 | 168
338 | 172
338 | 211
338 | 69
338 | 97
338 | 98
338 | 204
338 | 179
338 | 216
338 | 483
338 | 357
338 | 132
338 | 423
338 | 196
338 | 89
338 | 603
339 | 174
339 | 204
339 | 69
339 | 195
339 | 172
339 | 89
339 | 176
339 | 168
339 | 186
339 | 79
339 | 56
339 | 423
339 | 98
339 | 234
339 | 96
339 | 135
339 | 210
339 | 183
339 | 173
339 | 216
340 | 204
340 | 172
340 | 174
340 | 210
340 | 423
340 | 69
340 | 168
340 | 97
340 | 202
340 | 216
340 | 173
340 | 82
340 | 132
340 | 143
340 | 196
340 | 98
340 | 135
340 | 385
340 | 419
340 | 28
341 | 330
341 | 299
341 | 682
341 | 264
341 | 876
341 | 333
341 | 331
341 | 681
341 | 332
341 | 328
341 | 266
341 | 292
341 | 307
341 | 879
341 | 880
341 | 261
341 | 680
341 | 881
341 | 346
341 | 895
342 | 174
342 | 172
342 | 204
342 | 69
342 | 168
342 | 238
342 | 50
342 | 98
342 | 56
342 | 216
342 | 191
342 | 28
342 | 89
342 | 186
342 | 79
342 | 423
342 | 202
342 | 181
342 | 210
342 | 173
343 | 174
343 | 204
343 | 69
343 | 172
343 | 79
343 | 168
343 | 89
343 | 98
343 | 56
343 | 195
343 | 28
343 | 96
343 | 202
343 | 423
343 | 186
343 | 216
343 | 50
343 | 176
343 | 234
343 | 173
344 | 174
344 | 50
344 | 69
344 | 204
344 | 181
344 | 172
344 | 98
344 | 56
344 | 79
344 | 96
344 | 168
344 | 121
344 | 89
344 | 210
344 | 195
344 | 216
344 | 202
344 | 173
344 | 22
344 | 176
345 | 69
345 | 174
345 | 204
345 | 79
345 | 98
345 | 28
345 | 172
345 | 56
345 | 423
345 | 96
345 | 202
345 | 50
345 | 4
345 | 216
345 | 195
345 | 168
345 | 210
345 | 97
345 | 181
345 | 82
346 | 96
346 | 174
346 | 195
346 | 79
346 | 385
346 | 172
346 | 204
346 | 176
346 | 161
346 | 210
346 | 82
346 | 69
346 | 56
346 | 568
346 | 89
346 | 22
346 | 423
346 | 234
346 | 228
346 | 403
347 | 96
347 | 174
347 | 79
347 | 172
347 | 195
347 | 69
347 | 204
347 | 181
347 | 56
347 | 210
347 | 50
347 | 11
347 | 176
347 | 385
347 | 82
347 | 28
347 | 22
347 | 423
347 | 98
347 | 202
348 | 405
348 | 117
348 | 118
348 | 1
348 | 121
348 | 181
348 | 151
348 | 597
348 | 742
348 | 50
348 | 125
348 | 546
348 | 111
348 | 25
348 | 235
348 | 222
348 | 282
348 | 257
348 | 237
348 | 100
349 | 121
349 | 1
349 | 117
349 | 100
349 | 7
349 | 405
349 | 237
349 | 282
349 | 125
349 | 25
349 | 546
349 | 742
349 | 50
349 | 471
349 | 111
349 | 9
349 | 591
349 | 273
349 | 151
349 | 284
350 | 174
350 | 172
350 | 135
350 | 195
350 | 89
350 | 204
350 | 423
350 | 168
350 | 69
350 | 183
350 | 98
350 | 176
350 | 79
350 | 210
350 | 97
350 | 191
350 | 234
350 | 357
350 | 56
350 | 96
351 | 328
351 | 286
351 | 307
351 | 300
351 | 333
351 | 313
351 | 302
351 | 258
351 | 288
351 | 748
351 | 326
351 | 294
351 | 245
351 | 271
351 | 269
351 | 690
351 | 301
351 | 323
351 | 879
351 | 678
352 | 96
352 | 174
352 | 204
352 | 56
352 | 79
352 | 69
352 | 172
352 | 4
352 | 22
352 | 195
352 | 183
352 | 98
352 | 173
352 | 181
352 | 210
352 | 202
352 | 11
352 | 176
352 | 234
352 | 89
353 | 300
353 | 307
353 | 328
353 | 302
353 | 286
353 | 313
353 | 288
353 | 258
353 | 272
353 | 333
353 | 271
353 | 326
353 | 690
353 | 269
353 | 310
353 | 748
353 | 270
353 | 315
353 | 301
353 | 323
354 | 174
354 | 204
354 | 69
354 | 172
354 | 168
354 | 89
354 | 216
354 | 97
354 | 135
354 | 191
354 | 173
354 | 98
354 | 423
354 | 238
354 | 50
354 | 197
354 | 196
354 | 210
354 | 28
354 | 202
355 | 258
355 | 300
355 | 302
355 | 333
355 | 748
355 | 328
355 | 307
355 | 313
355 | 268
355 | 326
355 | 327
355 | 301
355 | 286
355 | 288
355 | 294
355 | 270
355 | 271
355 | 245
355 | 678
355 | 269
356 | 313
356 | 300
356 | 302
356 | 328
356 | 333
356 | 286
356 | 748
356 | 272
356 | 269
356 | 307
356 | 301
356 | 258
356 | 294
356 | 270
356 | 326
356 | 288
356 | 245
356 | 271
356 | 289
356 | 315
357 | 405
357 | 121
357 | 117
357 | 1
357 | 546
357 | 222
357 | 118
357 | 50
357 | 742
357 | 111
357 | 181
357 | 151
357 | 7
357 | 597
357 | 257
357 | 100
357 | 282
357 | 125
357 | 237
357 | 471
358 | 174
358 | 179
358 | 204
358 | 172
358 | 135
358 | 70
358 | 168
358 | 69
358 | 89
358 | 191
358 | 462
358 | 56
358 | 153
358 | 98
358 | 170
358 | 212
358 | 50
358 | 197
358 | 529
358 | 173
359 | 1
359 | 117
359 | 50
359 | 121
359 | 181
359 | 100
359 | 222
359 | 257
359 | 405
359 | 111
359 | 7
359 | 174
359 | 172
359 | 127
359 | 237
359 | 151
359 | 250
359 | 235
359 | 258
359 | 118
360 | 174
360 | 50
360 | 69
360 | 172
360 | 204
360 | 98
360 | 168
360 | 97
360 | 89
360 | 423
360 | 191
360 | 79
360 | 56
360 | 181
360 | 216
360 | 135
360 | 195
360 | 28
360 | 173
360 | 176
361 | 174
361 | 204
361 | 69
361 | 172
361 | 168
361 | 216
361 | 79
361 | 56
361 | 98
361 | 202
361 | 89
361 | 210
361 | 97
361 | 191
361 | 176
361 | 423
361 | 173
361 | 28
361 | 195
361 | 238
362 | 328
362 | 307
362 | 333
362 | 258
362 | 288
362 | 748
362 | 300
362 | 326
362 | 286
362 | 310
362 | 272
362 | 313
362 | 331
362 | 294
362 | 315
362 | 302
362 | 301
362 | 879
362 | 327
362 | 332
363 | 174
363 | 172
363 | 204
363 | 195
363 | 79
363 | 69
363 | 96
363 | 176
363 | 56
363 | 98
363 | 89
363 | 210
363 | 168
363 | 423
363 | 186
363 | 28
363 | 202
363 | 385
363 | 82
363 | 50
364 | 288
364 | 300
364 | 258
364 | 333
364 | 328
364 | 289
364 | 748
364 | 245
364 | 322
364 | 286
364 | 268
364 | 313
364 | 294
364 | 301
364 | 307
364 | 302
364 | 50
364 | 271
364 | 100
364 | 327
365 | 50
365 | 100
365 | 121
365 | 7
365 | 117
365 | 181
365 | 1
365 | 237
365 | 111
365 | 258
365 | 127
365 | 294
365 | 257
365 | 405
365 | 151
365 | 25
365 | 222
365 | 286
365 | 546
365 | 288
366 | 234
366 | 176
366 | 218
366 | 183
366 | 559
366 | 89
366 | 447
366 | 200
366 | 96
366 | 219
366 | 204
366 | 53
366 | 79
366 | 56
366 | 195
366 | 185
366 | 98
366 | 174
366 | 164
366 | 28
367 | 234
367 | 174
367 | 56
367 | 98
367 | 89
367 | 183
367 | 176
367 | 228
367 | 82
367 | 79
367 | 96
367 | 195
367 | 200
367 | 172
367 | 204
367 | 218
367 | 403
367 | 186
367 | 28
367 | 168
368 | 98
368 | 176
368 | 234
368 | 183
368 | 96
368 | 89
368 | 204
368 | 195
368 | 79
368 | 172
368 | 174
368 | 56
368 | 186
368 | 82
368 | 22
368 | 550
368 | 202
368 | 210
368 | 568
368 | 385
369 | 181
369 | 174
369 | 172
369 | 96
369 | 204
369 | 50
369 | 121
369 | 191
369 | 82
369 | 56
369 | 89
369 | 195
369 | 176
369 | 22
369 | 135
369 | 168
369 | 95
369 | 173
369 | 210
369 | 98
370 | 174
370 | 135
370 | 191
370 | 89
370 | 172
370 | 69
370 | 204
370 | 50
370 | 98
370 | 168
370 | 132
370 | 97
370 | 173
370 | 196
370 | 483
370 | 423
370 | 216
370 | 210
370 | 186
370 | 56
371 | 174
371 | 172
371 | 204
371 | 195
371 | 79
371 | 69
371 | 210
371 | 56
371 | 423
371 | 98
371 | 96
371 | 168
371 | 89
371 | 216
371 | 234
371 | 202
371 | 176
371 | 196
371 | 186
371 | 97
372 | 98
372 | 234
372 | 176
372 | 174
372 | 56
372 | 186
372 | 204
372 | 195
372 | 183
372 | 96
372 | 11
372 | 79
372 | 69
372 | 89
372 | 218
372 | 50
372 | 172
372 | 210
372 | 28
372 | 82
373 | 174
373 | 204
373 | 172
373 | 69
373 | 168
373 | 423
373 | 210
373 | 79
373 | 195
373 | 96
373 | 202
373 | 82
373 | 173
373 | 89
373 | 95
373 | 385
373 | 28
373 | 216
373 | 176
373 | 186
374 | 174
374 | 79
374 | 96
374 | 69
374 | 172
374 | 204
374 | 195
374 | 56
374 | 176
374 | 82
374 | 210
374 | 98
374 | 28
374 | 423
374 | 202
374 | 50
374 | 385
374 | 181
374 | 22
374 | 568
375 | 79
375 | 174
375 | 96
375 | 56
375 | 204
375 | 176
375 | 195
375 | 11
375 | 69
375 | 98
375 | 234
375 | 4
375 | 89
375 | 172
375 | 28
375 | 550
375 | 183
375 | 566
375 | 210
375 | 182
376 | 174
376 | 50
376 | 204
376 | 168
376 | 69
376 | 216
376 | 172
376 | 98
376 | 56
376 | 238
376 | 173
376 | 210
376 | 202
376 | 153
376 | 97
376 | 191
376 | 89
376 | 186
376 | 132
376 | 79
377 | 50
377 | 181
377 | 174
377 | 172
377 | 79
377 | 121
377 | 56
377 | 204
377 | 22
377 | 176
377 | 96
377 | 69
377 | 183
377 | 98
377 | 210
377 | 28
377 | 11
377 | 195
377 | 89
377 | 202
378 | 204
378 | 69
378 | 174
378 | 172
378 | 79
378 | 423
378 | 28
378 | 82
378 | 202
378 | 210
378 | 195
378 | 96
378 | 385
378 | 56
378 | 97
378 | 98
378 | 168
378 | 568
378 | 216
378 | 95
379 | 204
379 | 174
379 | 69
379 | 172
379 | 195
379 | 168
379 | 89
379 | 423
379 | 210
379 | 186
379 | 176
379 | 56
379 | 79
379 | 234
379 | 28
379 | 183
379 | 98
379 | 216
379 | 96
379 | 173
380 | 174
380 | 204
380 | 69
380 | 168
380 | 98
380 | 172
380 | 97
380 | 234
380 | 79
380 | 89
380 | 195
380 | 216
380 | 28
380 | 56
380 | 423
380 | 135
380 | 186
380 | 191
380 | 196
380 | 176
381 | 174
381 | 204
381 | 172
381 | 69
381 | 168
381 | 423
381 | 98
381 | 79
381 | 191
381 | 210
381 | 135
381 | 132
381 | 195
381 | 97
381 | 196
381 | 50
381 | 202
381 | 89
381 | 28
381 | 56
382 | 174
382 | 172
382 | 204
382 | 69
382 | 98
382 | 50
382 | 168
382 | 89
382 | 186
382 | 210
382 | 195
382 | 176
382 | 56
382 | 96
382 | 79
382 | 191
382 | 135
382 | 234
382 | 357
382 | 183
383 | 174
383 | 172
383 | 204
383 | 69
383 | 423
383 | 135
383 | 191
383 | 98
383 | 56
383 | 357
383 | 197
383 | 97
383 | 168
383 | 89
383 | 79
383 | 483
383 | 179
383 | 195
383 | 216
383 | 50
384 | 748
384 | 328
384 | 288
384 | 258
384 | 300
384 | 307
384 | 333
384 | 286
384 | 326
384 | 245
384 | 294
384 | 269
384 | 301
384 | 302
384 | 272
384 | 313
384 | 315
384 | 690
384 | 268
384 | 270
385 | 174
385 | 204
385 | 89
385 | 172
385 | 135
385 | 168
385 | 98
385 | 195
385 | 186
385 | 176
385 | 69
385 | 191
385 | 234
385 | 210
385 | 238
385 | 183
385 | 211
385 | 357
385 | 423
385 | 179
386 | 121
386 | 50
386 | 405
386 | 1
386 | 117
386 | 7
386 | 181
386 | 100
386 | 151
386 | 257
386 | 118
386 | 546
386 | 222
386 | 235
386 | 96
386 | 79
386 | 385
386 | 597
386 | 237
386 | 172
387 | 174
387 | 204
387 | 172
387 | 89
387 | 195
387 | 96
387 | 176
387 | 79
387 | 69
387 | 56
387 | 168
387 | 98
387 | 22
387 | 186
387 | 210
387 | 28
387 | 183
387 | 423
387 | 234
387 | 202
388 | 50
388 | 181
388 | 121
388 | 7
388 | 56
388 | 100
388 | 258
388 | 294
388 | 117
388 | 174
388 | 98
388 | 79
388 | 1
388 | 237
388 | 127
388 | 257
388 | 405
388 | 11
388 | 222
388 | 288
389 | 174
389 | 204
389 | 69
389 | 172
389 | 168
389 | 423
389 | 135
389 | 186
389 | 210
389 | 132
389 | 202
389 | 79
389 | 89
389 | 195
389 | 98
389 | 216
389 | 173
389 | 234
389 | 191
389 | 56
390 | 50
390 | 100
390 | 237
390 | 258
390 | 127
390 | 181
390 | 7
390 | 121
390 | 286
390 | 117
390 | 222
390 | 174
390 | 294
390 | 1
390 | 111
390 | 276
390 | 257
390 | 25
390 | 9
390 | 15
391 | 174
391 | 98
391 | 69
391 | 204
391 | 172
391 | 79
391 | 423
391 | 96
391 | 168
391 | 89
391 | 135
391 | 50
391 | 195
391 | 56
391 | 97
391 | 28
391 | 210
391 | 176
391 | 191
391 | 132
392 | 174
392 | 50
392 | 172
392 | 135
392 | 204
392 | 173
392 | 98
392 | 423
392 | 197
392 | 191
392 | 168
392 | 195
392 | 89
392 | 357
392 | 69
392 | 181
392 | 483
392 | 176
392 | 96
392 | 79
393 | 79
393 | 82
393 | 204
393 | 385
393 | 172
393 | 174
393 | 393
393 | 96
393 | 195
393 | 69
393 | 95
393 | 161
393 | 568
393 | 210
393 | 423
393 | 202
393 | 28
393 | 56
393 | 403
393 | 181
394 | 96
394 | 172
394 | 82
394 | 174
394 | 79
394 | 204
394 | 210
394 | 195
394 | 385
394 | 568
394 | 95
394 | 228
394 | 161
394 | 176
394 | 403
394 | 69
394 | 56
394 | 423
394 | 202
394 | 22
395 | 181
395 | 174
395 | 50
395 | 172
395 | 121
395 | 204
395 | 79
395 | 69
395 | 195
395 | 210
395 | 96
395 | 56
395 | 423
395 | 98
395 | 168
395 | 176
395 | 202
395 | 28
395 | 82
395 | 183
396 | 117
396 | 405
396 | 121
396 | 1
396 | 50
396 | 546
396 | 100
396 | 181
396 | 118
396 | 7
396 | 742
396 | 125
396 | 597
396 | 237
396 | 111
396 | 151
396 | 257
396 | 222
396 | 235
396 | 282
397 | 174
397 | 172
397 | 98
397 | 56
397 | 204
397 | 79
397 | 50
397 | 135
397 | 89
397 | 96
397 | 195
397 | 69
397 | 176
397 | 191
397 | 168
397 | 210
397 | 183
397 | 234
397 | 423
397 | 181
398 | 174
398 | 204
398 | 69
398 | 172
398 | 168
398 | 423
398 | 79
398 | 173
398 | 210
398 | 202
398 | 186
398 | 216
398 | 89
398 | 195
398 | 28
398 | 96
398 | 97
398 | 98
398 | 135
398 | 56
399 | 204
399 | 79
399 | 385
399 | 82
399 | 174
399 | 172
399 | 96
399 | 69
399 | 95
399 | 403
399 | 161
399 | 195
399 | 210
399 | 28
399 | 568
399 | 423
399 | 228
399 | 176
399 | 202
399 | 56
400 | 300
400 | 328
400 | 258
400 | 286
400 | 333
400 | 302
400 | 748
400 | 288
400 | 294
400 | 307
400 | 326
400 | 313
400 | 269
400 | 301
400 | 271
400 | 245
400 | 289
400 | 322
400 | 327
400 | 268
