1 | 174
1 | 204
1 | 172
1 | 168
1 | 69
1 | 50
1 | 79
1 | 423
1 | 195
1 | 98
1 | 56
1 | 28
1 | 210
1 | 89
1 | 96
1 | 173
1 | 202
1 | 176
1 | 216
1 | 234
2 | 50
2 | 100
2 | 237
2 | 121
2 | 181
2 | 1
2 | 7
2 | 127
2 | 117
2 | 258
2 | 286
2 | 9
2 | 294
2 | 111
2 | 257
2 | 25
2 | 222
2 | 276
2 | 275
2 | 405
3 | 328
3 | 302
3 | 313
3 | 258
3 | 307
3 | 300
3 | 288
3 | 333
3 | 286
3 | 269
3 | 326
3 | 272
3 | 331
3 | 327
3 | 301
3 | 271
3 | 690
3 | 310
3 | 347
3 | 315
4 | 288
4 | 50
4 | 302
4 | 328
4 | 748
4 | 326
4 | 333
4 | 307
4 | 313
4 | 286
4 | 258
4 | 294
4 | 300
4 | 269
4 | 245
4 | 271
4 | 121
4 | 268
4 | 181
4 | 751
5 | 204
5 | 82
5 | 210
5 | 172
5 | 174
5 | 95
5 | 195
5 | 168
5 | 385
5 | 202
5 | 186
5 | 403
5 | 176
5 | 96
5 | 69
5 | 79
5 | 568
5 | 89
5 | 423
5 | 28
6 | 174
6 | 168
6 | 204
6 | 172
6 | 69
6 | 89
6 | 135
6 | 191
6 | 216
6 | 132
6 | 98
6 | 97
6 | 79
6 | 195
6 | 50
6 | 238
6 | 173
6 | 423
6 | 186
6 | 210
7 | 174
7 | 204
7 | 69
7 | 172
7 | 195
7 | 89
7 | 79
7 | 176
7 | 234
7 | 423
7 | 96
7 | 168
7 | 98
7 | 186
7 | 28
7 | 210
7 | 56
7 | 97
7 | 202
7 | 385
8 | 172
8 | 96
8 | 22
8 | 176
8 | 385
8 | 79
8 | 174
8 | 89
8 | 195
8 | 56
8 | 204
8 | 69
8 | 210
8 | 230
8 | 161
8 | 568
8 | 183
8 | 228
8 | 550
8 | 403
9 | 174
9 | 98
9 | 172
9 | 181
9 | 423
9 | 204
9 | 56
9 | 210
9 | 79
9 | 69
9 | 96
9 | 202
9 | 22
9 | 195
9 | 168
9 | 234
9 | 173
9 | 176
9 | 186
9 | 28
10 | 174
10 | 69
10 | 204
10 | 135
10 | 172
10 | 168
10 | 238
10 | 89
10 | 98
10 | 56
10 | 97
10 | 186
10 | 195
10 | 79
10 | 357
10 | 197
10 | 211
10 | 216
10 | 176
10 | 423
11 | 204
11 | 174
11 | 69
11 | 172
11 | 98
11 | 79
11 | 168
11 | 202
11 | 423
11 | 28
11 | 56
11 | 210
11 | 216
11 | 173
11 | 186
11 | 97
11 | 176
11 | 96
11 | 195
11 | 196
12 | 204
12 | 172
12 | 97
12 | 174
12 | 96
12 | 79
12 | 56
12 | 196
12 | 69
12 | 210
12 | 168
12 | 98
12 | 173
12 | 89
12 | 423
12 | 195
12 | 186
12 | 234
12 | 28
12 | 50
13 | 174
13 | 204
13 | 172
13 | 89
13 | 69
13 | 79
13 | 176
13 | 96
13 | 195
13 | 168
13 | 210
13 | 202
13 | 234
13 | 82
13 | 423
13 | 186
13 | 28
13 | 98
13 | 56
13 | 385
14 | 174
14 | 69
14 | 191
14 | 204
14 | 172
14 | 50
14 | 79
14 | 168
14 | 135
14 | 186
14 | 176
14 | 195
14 | 56
14 | 181
14 | 238
14 | 89
14 | 98
14 | 216
14 | 202
14 | 173
15 | 50
15 | 1
15 | 121
15 | 117
15 | 237
15 | 181
15 | 100
15 | 405
15 | 111
15 | 7
15 | 127
15 | 118
15 | 742
15 | 257
15 | 222
15 | 151
15 | 294
15 | 15
15 | 258
15 | 25
16 | 174
16 | 204
16 | 172
16 | 69
16 | 96
16 | 79
16 | 423
16 | 195
16 | 210
16 | 202
16 | 98
16 | 56
16 | 234
16 | 168
16 | 28
16 | 97
16 | 176
16 | 89
16 | 50
16 | 186
17 | 50
17 | 1
17 | 181
17 | 100
17 | 237
17 | 7
17 | 121
17 | 127
17 | 117
17 | 257
17 | 151
17 | 174
17 | 405
17 | 222
17 | 111
17 | 258
17 | 9
17 | 276
17 | 98
17 | 475
18 | 174
18 | 204
18 | 168
18 | 69
18 | 172
18 | 216
18 | 423
18 | 97
18 | 98
18 | 238
18 | 173
18 | 135
18 | 79
18 | 132
18 | 210
18 | 89
18 | 195
18 | 191
18 | 202
18 | 197
19 | 174
19 | 50
19 | 172
19 | 204
19 | 56
19 | 69
19 | 79
19 | 98
19 | 181
19 | 96
19 | 22
19 | 176
19 | 183
19 | 173
19 | 423
19 | 82
19 | 195
19 | 28
19 | 168
19 | 234
20 | 69
20 | 172
20 | 174
20 | 50
20 | 28
20 | 82
20 | 204
20 | 121
20 | 181
20 | 210
20 | 95
20 | 132
20 | 228
20 | 168
20 | 173
20 | 216
20 | 423
20 | 71
20 | 202
20 | 98
21 | 234
21 | 50
21 | 7
21 | 98
21 | 181
21 | 174
21 | 176
21 | 117
21 | 121
21 | 56
21 | 100
21 | 89
21 | 258
21 | 1
21 | 79
21 | 96
21 | 172
21 | 222
21 | 405
21 | 204
22 | 174
22 | 204
22 | 172
22 | 195
22 | 210
22 | 385
22 | 79
22 | 89
22 | 96
22 | 176
22 | 22
22 | 56
22 | 168
22 | 568
22 | 403
22 | 228
22 | 82
22 | 161
22 | 186
22 | 202
23 | 174
23 | 204
23 | 172
23 | 195
23 | 69
23 | 168
23 | 210
23 | 89
23 | 176
23 | 96
23 | 79
23 | 423
23 | 98
23 | 56
23 | 202
23 | 173
23 | 186
23 | 234
23 | 228
23 | 183
24 | 174
24 | 172
24 | 56
24 | 98
24 | 195
24 | 204
24 | 79
24 | 69
24 | 50
24 | 96
24 | 423
24 | 28
24 | 168
24 | 210
24 | 22
24 | 234
24 | 173
24 | 202
24 | 181
24 | 89
25 | 174
25 | 204
25 | 172
25 | 69
25 | 168
25 | 423
25 | 210
25 | 195
25 | 173
25 | 79
25 | 89
25 | 96
25 | 176
25 | 216
25 | 56
25 | 98
25 | 132
25 | 28
25 | 97
25 | 135
26 | 117
26 | 100
26 | 50
26 | 121
26 | 181
26 | 405
26 | 1
26 | 7
26 | 237
26 | 222
26 | 257
26 | 151
26 | 127
26 | 111
26 | 546
26 | 118
26 | 742
26 | 258
26 | 294
26 | 235
27 | 117
27 | 7
27 | 100
27 | 181
27 | 1
27 | 121
27 | 50
27 | 237
27 | 235
27 | 257
27 | 151
27 | 546
27 | 111
27 | 405
27 | 222
27 | 127
27 | 742
27 | 125
27 | 25
27 | 118
28 | 183
28 | 204
28 | 234
28 | 176
28 | 89
28 | 174
28 | 172
28 | 98
28 | 69
28 | 195
28 | 96
28 | 56
28 | 423
28 | 228
28 | 385
28 | 79
28 | 210
28 | 168
28 | 403
28 | 568
29 | 174
29 | 172
29 | 50
29 | 56
29 | 69
29 | 181
29 | 89
29 | 98
29 | 135
29 | 423
29 | 357
29 | 318
29 | 97
29 | 132
29 | 302
29 | 183
29 | 197
29 | 176
29 | 96
29 | 195
30 | 181
30 | 50
30 | 210
30 | 82
30 | 56
30 | 204
30 | 79
30 | 172
30 | 195
30 | 174
30 | 96
30 | 22
30 | 28
30 | 568
30 | 173
30 | 385
30 | 176
30 | 183
30 | 423
30 | 121
31 | 174
31 | 603
31 | 357
31 | 135
31 | 197
31 | 474
31 | 211
31 | 654
31 | 191
31 | 269
31 | 302
31 | 12
31 | 511
31 | 333
31 | 327
31 | 286
31 | 480
31 | 301
31 | 194
31 | 195
32 | 117
32 | 121
32 | 100
32 | 1
32 | 50
32 | 181
32 | 127
32 | 7
32 | 257
32 | 222
32 | 237
32 | 258
32 | 405
32 | 174
32 | 151
32 | 111
32 | 12
32 | 546
32 | 98
32 | 742
33 | 328
33 | 258
33 | 307
33 | 326
33 | 333
33 | 300
33 | 748
33 | 313
33 | 286
33 | 323
33 | 288
33 | 294
33 | 245
33 | 302
33 | 358
33 | 678
33 | 332
33 | 322
33 | 271
33 | 879
34 | 286
34 | 300
34 | 258
34 | 289
34 | 305
34 | 328
34 | 307
34 | 333
34 | 313
34 | 302
34 | 270
34 | 340
34 | 326
34 | 310
34 | 268
34 | 294
34 | 269
34 | 748
34 | 678
34 | 327
35 | 328
35 | 258
35 | 307
35 | 333
35 | 326
35 | 294
35 | 245
35 | 286
35 | 300
35 | 288
35 | 879
35 | 748
35 | 323
35 | 302
35 | 301
35 | 678
35 | 332
35 | 331
35 | 322
35 | 289
36 | 328
36 | 300
36 | 748
36 | 322
36 | 326
36 | 678
36 | 323
36 | 332
36 | 294
36 | 289
36 | 333
36 | 681
36 | 258
36 | 286
36 | 245
36 | 302
36 | 876
36 | 259
36 | 325
36 | 307
37 | 96
37 | 385
37 | 195
37 | 79
37 | 568
37 | 82
37 | 172
37 | 176
37 | 174
37 | 204
37 | 22
37 | 210
37 | 161
37 | 56
37 | 89
37 | 550
37 | 144
37 | 228
37 | 403
37 | 11
38 | 82
38 | 172
38 | 204
38 | 210
38 | 174
38 | 95
38 | 195
38 | 393
38 | 69
38 | 79
38 | 202
38 | 181
38 | 568
38 | 423
38 | 96
38 | 28
38 | 161
38 | 98
38 | 385
38 | 56
39 | 286
39 | 258
39 | 300
39 | 328
39 | 333
39 | 245
39 | 307
39 | 301
39 | 302
39 | 289
39 | 271
39 | 313
39 | 326
39 | 269
39 | 288
39 | 50
39 | 294
39 | 327
39 | 268
39 | 332
40 | 258
40 | 286
40 | 307
40 | 301
40 | 313
40 | 302
40 | 300
40 | 288
40 | 333
40 | 328
40 | 269
40 | 326
40 | 310
40 | 347
40 | 272
40 | 270
40 | 268
40 | 748
40 | 327
40 | 315
41 | 174
41 | 204
41 | 168
41 | 172
41 | 89
41 | 69
41 | 210
41 | 186
41 | 423
41 | 135
41 | 98
41 | 216
41 | 79
41 | 191
41 | 183
41 | 202
41 | 234
41 | 195
41 | 153
41 | 28
42 | 174
42 | 69
42 | 204
42 | 423
42 | 79
42 | 172
42 | 96
42 | 202
42 | 28
42 | 210
42 | 82
42 | 195
42 | 97
42 | 168
42 | 385
42 | 98
42 | 95
42 | 50
42 | 71
42 | 161
43 | 174
43 | 204
43 | 172
43 | 69
43 | 79
43 | 423
43 | 82
43 | 28
43 | 210
43 | 50
43 | 202
43 | 195
43 | 56
43 | 168
43 | 173
43 | 96
43 | 181
43 | 98
43 | 95
43 | 143
44 | 174
44 | 172
44 | 204
44 | 168
44 | 210
44 | 195
44 | 69
44 | 79
44 | 98
44 | 423
44 | 96
44 | 28
44 | 176
44 | 89
44 | 97
44 | 183
44 | 186
44 | 173
44 | 202
44 | 82
45 | 121
45 | 405
45 | 117
45 | 1
45 | 546
45 | 151
45 | 118
45 | 181
45 | 222
45 | 50
45 | 25
45 | 235
45 | 111
45 | 237
45 | 257
45 | 100
45 | 742
45 | 125
45 | 7
45 | 597
46 | 258
46 | 288
46 | 181
46 | 294
46 | 1
46 | 121
46 | 237
46 | 117
46 | 7
46 | 257
46 | 111
46 | 127
46 | 50
46 | 222
46 | 100
46 | 302
46 | 328
46 | 333
46 | 307
46 | 286
47 | 302
47 | 300
47 | 286
47 | 328
47 | 333
47 | 258
47 | 301
47 | 269
47 | 288
47 | 268
47 | 270
47 | 690
47 | 313
47 | 307
47 | 340
47 | 327
47 | 326
47 | 272
47 | 245
47 | 294
48 | 174
48 | 135
48 | 204
48 | 172
48 | 69
48 | 191
48 | 89
48 | 357
48 | 423
48 | 210
48 | 195
48 | 483
48 | 173
48 | 196
48 | 168
48 | 153
48 | 211
48 | 97
48 | 197
48 | 186
49 | 204
49 | 174
49 | 96
49 | 172
49 | 95
49 | 202
49 | 168
49 | 195
49 | 82
49 | 186
49 | 181
49 | 89
49 | 28
49 | 69
49 | 79
49 | 210
49 | 98
49 | 56
49 | 161
49 | 568
50 | 475
50 | 7
50 | 273
50 | 100
50 | 258
50 | 286
50 | 127
50 | 93
50 | 50
50 | 276
50 | 294
50 | 121
50 | 288
50 | 124
50 | 129
50 | 237
50 | 268
50 | 302
50 | 324
50 | 111
51 | 174
51 | 168
51 | 204
51 | 195
51 | 98
51 | 89
51 | 423
51 | 96
51 | 172
51 | 79
51 | 69
51 | 186
51 | 202
51 | 56
51 | 210
51 | 176
51 | 97
51 | 191
51 | 22
51 | 173
52 | 50
52 | 181
52 | 1
52 | 121
52 | 100
52 | 117
52 | 174
52 | 237
52 | 7
52 | 172
52 | 69
52 | 405
52 | 127
52 | 222
52 | 98
52 | 111
52 | 28
52 | 96
52 | 79
52 | 151
53 | 181
53 | 117
53 | 174
53 | 50
53 | 121
53 | 1
53 | 69
53 | 405
53 | 79
53 | 56
53 | 172
53 | 210
53 | 100
53 | 204
53 | 7
53 | 423
53 | 222
53 | 82
53 | 98
53 | 22
54 | 50
54 | 121
54 | 117
54 | 181
54 | 237
54 | 1
54 | 7
54 | 100
54 | 405
54 | 222
54 | 742
54 | 257
54 | 118
54 | 294
54 | 546
54 | 258
54 | 111
54 | 127
54 | 125
54 | 151
55 | 172
55 | 1
55 | 96
55 | 56
55 | 210
55 | 204
55 | 98
55 | 195
55 | 121
55 | 50
55 | 222
55 | 69
55 | 82
55 | 181
55 | 176
55 | 568
55 | 423
55 | 174
55 | 95
55 | 144
56 | 172
56 | 204
56 | 79
56 | 174
56 | 82
56 | 210
56 | 385
56 | 195
56 | 161
56 | 69
56 | 96
56 | 568
56 | 95
56 | 202
56 | 423
56 | 56
56 | 28
56 | 228
56 | 403
56 | 176
57 | 181
57 | 50
57 | 121
57 | 117
57 | 1
57 | 405
57 | 172
57 | 174
57 | 79
57 | 222
57 | 7
57 | 100
57 | 118
57 | 96
57 | 151
57 | 204
57 | 28
57 | 210
57 | 56
57 | 22
58 | 174
58 | 204
58 | 172
58 | 168
58 | 69
58 | 50
58 | 173
58 | 98
58 | 423
58 | 216
58 | 89
58 | 79
58 | 210
58 | 97
58 | 191
58 | 56
58 | 96
58 | 238
58 | 181
58 | 202
59 | 174
59 | 204
59 | 69
59 | 172
59 | 168
59 | 79
59 | 98
59 | 195
59 | 423
59 | 89
59 | 96
59 | 210
59 | 97
59 | 56
59 | 176
59 | 234
59 | 186
59 | 216
59 | 28
59 | 202
60 | 174
60 | 172
60 | 69
60 | 204
60 | 423
60 | 195
60 | 168
60 | 135
60 | 89
60 | 210
60 | 97
60 | 98
60 | 176
60 | 173
60 | 234
60 | 79
60 | 96
60 | 132
60 | 186
60 | 183
61 | 328
61 | 286
61 | 288
61 | 313
61 | 302
61 | 294
61 | 258
61 | 307
61 | 300
61 | 748
61 | 326
61 | 50
61 | 271
61 | 245
61 | 301
61 | 333
61 | 690
61 | 323
61 | 269
61 | 272
62 | 174
62 | 204
62 | 69
62 | 172
62 | 195
62 | 98
62 | 210
62 | 96
62 | 423
62 | 79
62 | 89
62 | 56
62 | 22
62 | 28
62 | 176
62 | 168
62 | 97
62 | 216
62 | 50
62 | 202
63 | 50
63 | 100
63 | 7
63 | 1
63 | 121
63 | 181
63 | 117
63 | 237
63 | 111
63 | 222
63 | 405
63 | 127
63 | 174
63 | 257
63 | 151
63 | 25
63 | 258
63 | 15
63 | 125
63 | 475
64 | 174
64 | 172
64 | 204
64 | 79
64 | 69
64 | 195
64 | 210
64 | 98
64 | 96
64 | 89
64 | 176
64 | 168
64 | 56
64 | 423
64 | 28
64 | 50
64 | 234
64 | 186
64 | 183
64 | 22
65 | 69
65 | 204
65 | 174
65 | 423
65 | 202
65 | 172
65 | 28
65 | 216
65 | 168
65 | 56
65 | 97
65 | 79
65 | 98
65 | 210
65 | 82
65 | 196
65 | 50
65 | 655
65 | 143
65 | 88
66 | 117
66 | 1
66 | 181
66 | 100
66 | 121
66 | 405
66 | 50
66 | 7
66 | 257
66 | 118
66 | 151
66 | 111
66 | 222
66 | 237
66 | 25
66 | 282
66 | 742
66 | 546
66 | 79
66 | 235
67 | 405
67 | 121
67 | 1
67 | 118
67 | 597
67 | 151
67 | 181
67 | 546
67 | 257
67 | 222
67 | 7
67 | 117
67 | 100
67 | 235
67 | 50
67 | 111
67 | 411
67 | 742
67 | 282
67 | 237
68 | 50
68 | 1
68 | 100
68 | 121
68 | 237
68 | 117
68 | 7
68 | 181
68 | 222
68 | 405
68 | 257
68 | 151
68 | 174
68 | 25
68 | 15
68 | 111
68 | 98
68 | 127
68 | 69
68 | 118
69 | 50
69 | 181
69 | 174
69 | 121
69 | 96
69 | 79
69 | 56
69 | 98
69 | 1
69 | 11
69 | 204
69 | 405
69 | 100
69 | 172
69 | 7
69 | 127
69 | 69
69 | 210
69 | 22
69 | 12
70 | 174
70 | 172
70 | 204
70 | 210
70 | 82
70 | 79
70 | 423
70 | 195
70 | 95
70 | 69
70 | 168
70 | 28
70 | 228
70 | 96
70 | 181
70 | 385
70 | 173
70 | 176
70 | 202
70 | 50
71 | 174
71 | 50
71 | 69
71 | 172
71 | 204
71 | 98
71 | 210
71 | 89
71 | 79
71 | 56
71 | 216
71 | 97
71 | 70
71 | 423
71 | 28
71 | 135
71 | 181
71 | 195
71 | 168
71 | 183
72 | 174
72 | 69
72 | 56
72 | 79
72 | 204
72 | 97
72 | 172
72 | 98
72 | 195
72 | 96
72 | 168
72 | 28
72 | 89
72 | 423
72 | 234
72 | 202
72 | 216
72 | 176
72 | 210
72 | 50
73 | 174
73 | 98
73 | 172
73 | 56
73 | 168
73 | 191
73 | 89
73 | 204
73 | 423
73 | 135
73 | 50
73 | 69
73 | 179
73 | 216
73 | 234
73 | 357
73 | 195
73 | 210
73 | 153
73 | 238
74 | 258
74 | 288
74 | 286
74 | 294
74 | 333
74 | 300
74 | 50
74 | 100
74 | 328
74 | 302
74 | 313
74 | 181
74 | 272
74 | 307
74 | 326
74 | 271
74 | 748
74 | 269
74 | 301
74 | 117
75 | 50
75 | 121
75 | 181
75 | 1
75 | 117
75 | 405
75 | 7
75 | 100
75 | 222
75 | 546
75 | 111
75 | 151
75 | 172
75 | 742
75 | 237
75 | 174
75 | 118
75 | 96
75 | 235
75 | 257
76 | 174
76 | 12
76 | 50
76 | 204
76 | 56
76 | 4
76 | 168
76 | 98
76 | 11
76 | 69
76 | 89
76 | 234
76 | 172
76 | 79
76 | 96
76 | 181
76 | 195
76 | 179
76 | 191
76 | 238
77 | 174
77 | 172
77 | 204
77 | 195
77 | 50
77 | 423
77 | 89
77 | 210
77 | 69
77 | 96
77 | 98
77 | 168
77 | 176
77 | 79
77 | 181
77 | 56
77 | 196
77 | 234
77 | 173
77 | 135
78 | 50
78 | 1
78 | 121
78 | 100
78 | 181
78 | 117
78 | 7
78 | 111
78 | 282
78 | 294
78 | 25
78 | 405
78 | 151
78 | 125
78 | 742
78 | 118
78 | 257
78 | 237
78 | 258
78 | 15
79 | 50
79 | 100
79 | 7
79 | 237
79 | 286
79 | 475
79 | 127
79 | 258
79 | 121
79 | 111
79 | 117
79 | 276
79 | 1
79 | 181
79 | 275
79 | 174
79 | 25
79 | 9
79 | 172
79 | 151
80 | 174
80 | 69
80 | 98
80 | 204
80 | 56
80 | 423
80 | 97
80 | 168
80 | 216
80 | 172
80 | 238
80 | 143
80 | 196
80 | 28
80 | 153
80 | 135
80 | 173
80 | 132
80 | 202
80 | 79
81 | 50
81 | 181
81 | 121
81 | 1
81 | 174
81 | 98
81 | 117
81 | 7
81 | 405
81 | 100
81 | 237
81 | 172
81 | 222
81 | 151
81 | 111
81 | 282
81 | 204
81 | 28
81 | 742
81 | 79
82 | 174
82 | 204
82 | 69
82 | 172
82 | 79
82 | 50
82 | 210
82 | 56
82 | 98
82 | 168
82 | 423
82 | 28
82 | 216
82 | 195
82 | 89
82 | 97
82 | 173
82 | 202
82 | 22
82 | 181
83 | 174
83 | 172
83 | 82
83 | 204
83 | 181
83 | 79
83 | 202
83 | 210
83 | 69
83 | 96
83 | 50
83 | 423
83 | 56
83 | 393
83 | 195
83 | 28
83 | 95
83 | 121
83 | 88
83 | 568
84 | 50
84 | 181
84 | 121
84 | 1
84 | 174
84 | 117
84 | 100
84 | 405
84 | 7
84 | 56
84 | 172
84 | 222
84 | 69
84 | 98
84 | 79
84 | 237
84 | 111
84 | 96
84 | 210
84 | 204
85 | 174
85 | 204
85 | 172
85 | 69
85 | 168
85 | 89
85 | 135
85 | 98
85 | 423
85 | 186
85 | 79
85 | 195
85 | 173
85 | 216
85 | 97
85 | 196
85 | 28
85 | 132
85 | 191
85 | 210
86 | 307
86 | 300
86 | 310
86 | 286
86 | 258
86 | 302
86 | 328
86 | 301
86 | 347
86 | 288
86 | 294
86 | 748
86 | 313
86 | 690
86 | 272
86 | 322
86 | 305
86 | 750
86 | 271
86 | 270
87 | 204
87 | 172
87 | 174
87 | 202
87 | 210
87 | 195
87 | 96
87 | 69
87 | 168
87 | 385
87 | 56
87 | 423
87 | 79
87 | 176
87 | 82
87 | 186
87 | 89
87 | 161
87 | 4
87 | 50
88 | 258
88 | 328
88 | 347
88 | 269
88 | 690
88 | 307
88 | 302
88 | 310
88 | 300
88 | 301
88 | 313
88 | 272
88 | 333
88 | 288
88 | 294
88 | 315
88 | 748
88 | 340
88 | 268
88 | 316
89 | 204
89 | 174
89 | 50
89 | 181
89 | 69
89 | 172
89 | 98
89 | 79
89 | 202
89 | 210
89 | 121
89 | 423
89 | 168
89 | 56
89 | 173
89 | 28
89 | 1
89 | 216
89 | 143
89 | 96
90 | 174
90 | 69
90 | 135
90 | 204
90 | 172
90 | 168
90 | 191
90 | 89
90 | 97
90 | 211
90 | 197
90 | 98
90 | 216
90 | 234
90 | 423
90 | 196
90 | 195
90 | 56
90 | 357
90 | 186
91 | 174
91 | 172
91 | 195
91 | 135
91 | 204
91 | 423
91 | 69
91 | 89
91 | 176
91 | 98
91 | 97
91 | 79
91 | 132
91 | 56
91 | 168
91 | 183
91 | 173
91 | 96
91 | 186
91 | 210
92 | 204
92 | 174
92 | 69
92 | 96
92 | 195
92 | 172
92 | 79
92 | 202
92 | 82
92 | 56
92 | 210
92 | 98
92 | 385
92 | 4
92 | 161
92 | 28
92 | 568
92 | 423
92 | 89
92 | 95
93 | 50
93 | 117
93 | 100
93 | 181
93 | 237
93 | 15
93 | 111
93 | 151
93 | 405
93 | 25
93 | 7
93 | 121
93 | 222
93 | 546
93 | 742
93 | 174
93 | 257
93 | 127
93 | 125
93 | 282
94 | 204
94 | 69
94 | 174
94 | 172
94 | 195
94 | 79
94 | 96
94 | 210
94 | 423
94 | 98
94 | 168
94 | 56
94 | 186
94 | 176
94 | 28
94 | 202
94 | 97
94 | 82
94 | 89
94 | 234
95 | 204
95 | 174
95 | 172
95 | 69
95 | 168
95 | 82
95 | 423
95 | 210
95 | 195
95 | 89
95 | 79
95 | 96
95 | 97
95 | 216
95 | 202
95 | 385
95 | 186
95 | 28
95 | 173
95 | 98
96 | 172
96 | 204
96 | 174
96 | 210
96 | 69
96 | 168
96 | 98
96 | 79
96 | 176
96 | 50
96 | 96
96 | 423
96 | 173
96 | 89
96 | 191
96 | 56
96 | 195
96 | 183
96 | 97
96 | 186
97 | 174
97 | 168
97 | 172
97 | 89
97 | 204
97 | 195
97 | 176
97 | 69
97 | 210
97 | 98
97 | 96
97 | 216
97 | 135
97 | 186
97 | 79
97 | 173
97 | 423
97 | 202
97 | 56
97 | 28
98 | 204
98 | 174
98 | 186
98 | 202
98 | 168
98 | 216
98 | 238
98 | 423
98 | 69
98 | 172
98 | 153
98 | 208
98 | 211
98 | 89
98 | 196
98 | 179
98 | 28
98 | 183
98 | 357
98 | 210
99 | 50
99 | 181
99 | 121
99 | 1
99 | 79
99 | 172
99 | 174
99 | 96
99 | 56
99 | 405
99 | 204
99 | 98
99 | 100
99 | 222
99 | 202
99 | 82
99 | 210
99 | 11
99 | 69
99 | 568
100 | 313
100 | 307
100 | 302
100 | 328
100 | 300
100 | 258
100 | 286
100 | 333
100 | 272
100 | 288
100 | 310
100 | 269
100 | 326
100 | 271
100 | 301
100 | 315
100 | 748
100 | 347
100 | 690
100 | 268
